0.677 0.562 0.694 0.456 0.000 0.000 0.034 
0.662 0.596 0.702 0.446 0.000 0.000 0.000 
0.659 0.614 0.713 0.446 0.000 0.000 0.000 
0.638 0.660 0.704 0.482 0.000 0.000 0.034 
0.615 0.663 0.731 0.472 0.000 0.011 0.057 
0.614 0.674 0.805 0.446 0.000 0.000 0.023 
0.609 0.665 0.841 0.456 0.000 0.011 0.034 
0.615 0.688 0.948 0.451 0.000 0.023 0.046 
0.614 0.664 0.702 0.605 0.471 0.448 0.563 
0.591 0.705 0.763 0.513 0.207 0.241 0.391 
0.569 0.693 0.804 0.497 0.161 0.172 0.253 
0.572 0.713 0.701 0.574 0.690 0.736 0.885 
0.571 0.692 1.097 0.451 0.103 0.138 0.253 
0.568 0.710 0.708 0.585 1.000 1.000 1.000 
0.566 0.696 0.794 0.574 0.034 0.080 0.161 
0.677 0.562 0.694 0.456 0.000 0.011 0.011 
0.661 0.598 0.701 0.446 0.000 0.000 0.000 
0.659 0.613 0.717 0.446 0.000 0.000 0.000 
0.638 0.663 0.704 0.477 0.000 0.011 0.011 
0.617 0.664 0.734 0.472 0.000 0.011 0.011 
0.615 0.672 0.803 0.462 0.000 0.000 0.000 
0.611 0.664 0.819 0.467 0.000 0.000 0.000 
0.615 0.682 0.972 0.446 0.000 0.000 0.057 
0.615 0.668 0.700 0.590 0.563 0.598 0.586 
0.591 0.700 0.798 0.487 0.356 0.356 0.391 
0.571 0.696 0.769 0.544 0.218 0.207 0.253 
0.572 0.713 0.698 0.569 0.943 0.920 0.977 
0.570 0.691 0.985 0.472 0.230 0.218 0.253 
0.567 0.713 0.707 0.585 1.000 1.000 1.000 
0.569 0.695 0.973 0.492 0.103 0.057 0.080 
0.537 0.715 0.707 0.590 0.655 0.678 0.690 
0.567 0.719 0.824 0.538 0.161 0.126 0.184 
0.612 0.681 0.758 0.569 0.862 0.805 0.931 
0.551 0.723 0.715 0.579 0.678 0.632 0.724 
0.531 0.750 0.685 0.610 0.460 0.425 0.333 
0.520 0.756 0.709 0.641 0.552 0.563 0.529 
0.553 0.729 0.675 0.626 0.862 0.816 0.966 
0.529 0.755 0.823 0.533 0.851 0.805 0.920 
0.546 0.743 0.948 0.559 0.460 0.540 0.506 
0.526 0.742 0.870 0.600 0.425 0.437 0.402 
0.523 0.737 0.688 0.641 0.977 0.977 1.000 
0.517 0.761 1.039 0.503 0.138 0.138 0.218 
0.543 0.746 0.737 0.564 0.828 0.770 0.885 
0.524 0.716 0.794 0.559 0.529 0.598 0.598 
0.523 0.745 0.708 0.631 0.828 0.759 0.885 
0.497 0.764 0.636 0.682 0.805 0.759 0.851 
0.482 0.777 0.816 0.579 1.000 1.000 1.000 
0.548 0.765 0.654 0.662 0.977 0.954 0.989 
0.533 0.741 0.626 0.646 0.977 0.977 0.989 
0.505 0.759 0.644 0.713 1.000 0.989 1.000 
0.498 0.777 0.906 0.533 0.897 0.851 0.931 
0.496 0.777 0.689 0.590 0.989 0.966 0.989 
0.484 0.777 0.679 0.651 0.586 0.586 0.621 
0.477 0.773 0.596 0.697 1.000 1.000 1.000 
0.485 0.789 0.608 0.677 1.000 1.000 1.000 
0.495 0.769 0.694 0.667 1.000 0.989 1.000 
0.487 0.771 0.853 0.590 0.954 0.966 0.966 
0.474 0.777 0.691 0.621 1.000 1.000 1.000 
0.478 0.808 1.048 0.544 0.023 0.011 0.011 
0.505 0.750 0.700 0.621 0.989 1.000 1.000 
0.499 0.791 0.657 0.651 0.943 0.908 1.000 
0.470 0.788 0.679 0.636 0.828 0.770 0.897 
0.468 0.792 0.657 0.656 0.920 0.862 0.931 
0.502 0.802 0.584 0.697 0.943 0.908 0.989 
0.499 0.775 0.680 0.687 1.000 1.000 1.000 
0.464 0.788 0.751 0.667 0.908 0.931 0.966 
0.449 0.820 0.729 0.667 0.713 0.759 0.839 
0.483 0.796 0.678 0.651 0.989 0.989 0.989 
0.463 0.793 0.697 0.677 0.977 0.966 0.989 
0.472 0.793 0.787 0.672 0.586 0.563 0.701 
0.472 0.812 0.645 0.677 0.966 0.908 0.989 
0.476 0.783 0.685 0.682 0.966 0.943 0.977 
0.448 0.810 0.618 0.708 1.000 1.000 1.000 
0.425 0.815 0.631 0.697 0.989 0.989 0.989 
0.435 0.828 0.704 0.672 0.989 0.977 0.989 
0.463 0.814 0.704 0.692 0.460 0.460 0.437 
0.413 0.816 0.834 0.590 0.989 1.000 1.000 
0.677 0.562 0.694 0.456 0.000 0.011 0.080 
0.661 0.598 0.702 0.446 0.000 0.000 0.000 
0.659 0.612 0.712 0.446 0.000 0.000 0.000 
0.638 0.664 0.702 0.482 0.011 0.000 0.184 
0.617 0.663 0.742 0.456 0.011 0.011 0.115 
0.612 0.672 0.800 0.462 0.011 0.000 0.034 
0.611 0.668 0.840 0.462 0.011 0.011 0.011 
0.619 0.679 0.980 0.446 0.023 0.011 0.023 
0.611 0.669 0.759 0.559 0.356 0.356 0.517 
0.593 0.700 0.875 0.487 0.299 0.310 0.575 
0.570 0.685 0.692 0.626 0.483 0.425 0.586 
0.573 0.710 0.695 0.585 0.678 0.632 0.828 
0.577 0.685 1.245 0.451 0.126 0.138 0.368 
0.572 0.709 0.804 0.549 1.000 1.000 1.000 
0.567 0.699 0.796 0.564 0.069 0.115 0.195 
0.537 0.716 0.737 0.615 0.943 0.931 0.954 
0.573 0.719 0.806 0.564 0.138 0.172 0.241 
0.626 0.681 0.715 0.564 0.966 0.989 1.000 
0.556 0.709 0.788 0.497 0.483 0.414 0.736 
0.540 0.748 0.684 0.621 0.322 0.322 0.471 
0.525 0.752 0.715 0.631 0.460 0.402 0.667 
0.562 0.723 0.688 0.595 0.862 0.885 0.989 
0.536 0.746 0.813 0.523 0.874 0.828 0.989 
0.549 0.745 0.921 0.549 0.494 0.414 0.793 
0.527 0.741 0.950 0.523 0.241 0.241 0.506 
0.527 0.742 0.624 0.646 0.989 0.989 1.000 
0.524 0.745 1.032 0.497 0.126 0.126 0.230 
0.538 0.748 0.871 0.513 0.724 0.655 0.908 
0.525 0.718 0.904 0.523 0.253 0.276 0.483 
0.532 0.746 0.763 0.600 0.517 0.460 0.874 
0.505 0.750 0.644 0.662 0.713 0.632 0.874 
0.495 0.766 0.704 0.610 0.989 1.000 1.000 
0.560 0.755 0.698 0.590 0.977 0.989 1.000 
0.540 0.743 0.623 0.672 0.782 0.816 0.989 
0.512 0.756 0.655 0.677 0.736 0.816 0.989 
0.508 0.762 0.882 0.533 0.540 0.494 0.885 
0.505 0.769 0.697 0.641 0.862 0.862 0.977 
0.496 0.764 0.735 0.636 0.391 0.368 0.851 
0.489 0.780 0.613 0.687 0.989 1.000 1.000 
0.494 0.779 0.733 0.595 1.000 1.000 1.000 
0.506 0.759 0.639 0.703 0.989 0.989 1.000 
0.498 0.773 0.808 0.615 0.770 0.816 1.000 
0.492 0.770 0.719 0.621 1.000 1.000 1.000 
0.488 0.798 0.986 0.559 0.023 0.057 0.080 
0.514 0.746 0.665 0.646 0.989 0.989 1.000 
0.512 0.787 0.625 0.697 0.897 0.977 1.000 
0.486 0.783 0.729 0.585 0.816 0.839 0.989 
0.476 0.779 0.662 0.656 0.931 0.954 0.989 
0.525 0.793 0.576 0.672 0.897 0.954 1.000 
0.497 0.782 0.740 0.621 0.989 1.000 1.000 
0.464 0.789 0.682 0.662 0.793 0.793 0.989 
0.462 0.819 0.693 0.677 0.425 0.356 0.805 
0.503 0.784 0.756 0.626 0.874 0.943 0.989 
0.477 0.792 0.657 0.667 0.908 0.954 1.000 
0.488 0.762 0.674 0.697 0.690 0.690 0.989 
0.496 0.814 0.660 0.656 0.908 0.931 1.000 
0.490 0.760 0.596 0.692 1.000 1.000 1.000 
0.455 0.808 0.595 0.718 0.989 0.989 1.000 
0.439 0.816 0.666 0.692 0.828 0.839 1.000 
0.441 0.821 0.680 0.677 0.989 0.989 1.000 
0.475 0.811 0.791 0.656 0.230 0.218 0.333 
0.425 0.822 0.729 0.662 0.989 1.000 1.000 
0.442 0.817 0.675 0.662 1.000 1.000 1.000 
0.410 0.806 1.208 0.528 0.011 0.057 0.034 
0.442 0.822 0.606 0.718 0.977 1.000 1.000 
0.448 0.847 0.787 0.610 0.345 0.368 0.655 
0.445 0.802 0.624 0.703 0.552 0.494 0.770 
0.423 0.816 0.561 0.759 0.862 0.862 0.977 
0.382 0.851 0.637 0.738 0.586 0.621 0.724 
0.433 0.821 0.614 0.713 0.977 1.000 1.000 
0.405 0.825 0.619 0.682 0.989 1.000 1.000 
0.441 0.842 0.588 0.713 0.989 1.000 1.000 
0.415 0.839 1.024 0.528 0.184 0.195 0.425 
0.410 0.834 0.671 0.662 1.000 1.000 1.000 
0.416 0.837 0.712 0.667 0.644 0.713 0.920 
0.456 0.791 0.700 0.677 0.908 0.943 0.977 
0.464 0.797 0.609 0.687 0.713 0.609 0.931 
0.454 0.794 0.598 0.708 0.805 0.816 0.954 
0.497 0.807 0.565 0.764 0.977 1.000 1.000 
0.451 0.798 0.609 0.703 0.437 0.414 0.517 
0.437 0.838 0.641 0.703 0.816 0.862 1.000 
0.365 0.848 1.282 0.508 0.264 0.253 0.747 
0.368 0.851 0.732 0.656 1.000 1.000 1.000 
0.421 0.847 0.729 0.682 0.414 0.391 0.805 
0.545 0.791 0.676 0.687 0.747 0.678 0.874 
0.443 0.805 0.630 0.677 0.701 0.678 0.943 
0.391 0.834 0.756 0.651 1.000 1.000 1.000 
0.371 0.849 0.601 0.728 0.310 0.299 0.414 
0.385 0.852 0.658 0.662 1.000 1.000 1.000 
0.350 0.870 0.629 0.708 0.839 0.862 0.977 
0.358 0.852 0.665 0.728 0.989 1.000 1.000 
0.410 0.843 0.615 0.759 0.920 0.989 1.000 
0.367 0.863 0.632 0.667 0.920 0.954 1.000 
0.363 0.852 0.834 0.610 0.828 0.874 0.977 
0.381 0.812 0.673 0.697 0.586 0.621 0.609 
0.356 0.861 0.575 0.749 0.943 1.000 1.000 
0.350 0.849 0.716 0.672 0.943 0.954 1.000 
0.339 0.858 0.670 0.692 0.977 0.966 0.989 
0.344 0.870 0.756 0.662 0.149 0.138 0.172 
0.398 0.828 1.383 0.590 1.000 1.000 1.000 
0.395 0.844 0.603 0.728 0.885 0.966 1.000 
0.367 0.856 0.661 0.692 0.747 0.782 0.977 
0.344 0.863 0.609 0.713 0.931 0.977 1.000 
0.372 0.879 0.745 0.703 0.253 0.230 0.310 
0.404 0.840 0.823 0.610 0.690 0.747 1.000 
0.369 0.861 0.590 0.749 0.966 1.000 1.000 
0.323 0.872 0.583 0.744 0.770 0.851 1.000 
0.335 0.860 0.737 0.682 0.897 0.908 0.989 
0.370 0.847 0.772 0.651 1.000 1.000 1.000 
0.381 0.842 0.667 0.708 0.908 0.931 0.989 
0.365 0.857 0.613 0.744 0.920 0.989 1.000 
0.335 0.863 0.703 0.687 0.598 0.632 0.943 
0.340 0.872 0.639 0.779 0.989 1.000 1.000 
0.371 0.862 0.592 0.723 0.954 0.989 1.000 
0.378 0.854 0.735 0.656 0.759 0.828 0.977 
0.341 0.857 0.595 0.708 0.483 0.437 0.575 
0.328 0.871 0.642 0.718 0.920 0.977 1.000 
0.386 0.857 0.640 0.728 0.632 0.644 0.966 
0.315 0.874 0.573 0.759 0.563 0.552 0.816 
0.316 0.884 0.740 0.713 1.000 1.000 1.000 
0.325 0.872 0.870 0.682 0.460 0.529 0.701 
0.376 0.861 0.784 0.672 1.000 1.000 1.000 
0.376 0.819 0.677 0.723 0.724 0.632 0.828 
0.336 0.863 0.781 0.677 0.184 0.184 0.230 
0.298 0.888 0.639 0.713 0.989 1.000 1.000 
0.324 0.886 0.553 0.754 0.862 0.954 1.000 
0.327 0.858 0.620 0.754 0.989 0.989 1.000 
0.299 0.885 0.595 0.703 0.966 1.000 1.000 
0.307 0.881 0.621 0.759 0.874 0.966 1.000 
0.322 0.884 0.655 0.769 0.977 0.989 1.000 
0.313 0.877 0.745 0.713 0.368 0.333 0.356 
0.311 0.881 0.570 0.795 0.989 1.000 1.000 
0.312 0.879 0.618 0.764 0.862 0.908 0.989 
0.323 0.870 0.724 0.718 0.552 0.494 0.724 
0.286 0.881 0.741 0.713 0.782 0.828 0.920 
0.291 0.897 0.788 0.672 0.586 0.609 0.908 
0.325 0.865 0.685 0.708 0.931 0.908 0.989 
0.328 0.870 0.554 0.779 0.989 1.000 1.000 
0.371 0.865 0.715 0.697 0.368 0.379 0.494 
0.312 0.866 0.760 0.713 0.931 0.966 1.000 
0.299 0.879 0.624 0.764 0.989 1.000 1.000 
0.325 0.870 0.638 0.744 0.977 0.989 1.000 
0.289 0.880 0.613 0.779 0.862 0.943 1.000 
0.275 0.897 0.598 0.769 0.931 0.989 1.000 
0.265 0.903 0.753 0.713 0.759 0.782 0.989 
0.333 0.883 0.725 0.738 0.552 0.563 0.885 
0.293 0.872 0.723 0.713 1.000 1.000 1.000 
0.298 0.884 0.818 0.692 0.333 0.276 0.379 
0.275 0.891 0.635 0.764 0.897 0.977 1.000 
0.269 0.900 0.600 0.769 0.920 1.000 1.000 
0.306 0.879 0.653 0.713 0.977 1.000 1.000 
0.347 0.868 0.899 0.718 0.977 1.000 1.000 
0.375 0.880 0.624 0.759 0.920 0.977 1.000 
0.337 0.852 0.618 0.733 0.920 0.977 1.000 
0.305 0.903 0.638 0.754 0.977 0.989 1.000 
0.241 0.902 0.824 0.677 0.793 0.885 0.989 
0.262 0.903 0.790 0.713 0.885 0.966 1.000 
0.258 0.891 0.721 0.713 0.874 0.954 1.000 
0.287 0.893 0.674 0.785 0.862 0.931 1.000 
0.310 0.881 0.765 0.672 0.977 0.977 1.000 
0.308 0.874 1.218 0.641 0.989 1.000 1.000 
0.337 0.890 0.922 0.626 0.724 0.816 0.966 
0.299 0.877 0.683 0.733 0.770 0.897 1.000 
0.297 0.891 0.829 0.667 0.598 0.609 0.954 
0.273 0.884 0.612 0.738 0.943 1.000 1.000 
0.262 0.909 0.587 0.764 0.897 0.977 1.000 
0.261 0.905 0.626 0.728 1.000 1.000 1.000 
0.254 0.899 0.860 0.682 0.379 0.345 0.471 
0.269 0.900 0.860 0.708 0.931 0.989 1.000 
0.272 0.902 0.731 0.692 0.356 0.391 0.448 
0.335 0.881 0.840 0.713 0.862 0.862 0.920 
0.271 0.877 0.584 0.800 0.839 0.931 0.989 
0.259 0.905 0.860 0.713 0.989 1.000 1.000 
0.249 0.900 0.610 0.800 0.989 0.989 1.000 
0.256 0.909 0.654 0.769 0.989 1.000 1.000 
0.267 0.912 1.177 0.631 0.483 0.529 0.908 
0.284 0.881 0.665 0.738 0.920 0.989 1.000 
0.296 0.911 0.860 0.636 0.517 0.598 0.724 
0.278 0.889 0.831 0.708 0.310 0.276 0.379 
0.289 0.884 0.964 0.662 1.000 1.000 1.000 
0.238 0.900 0.842 0.677 0.805 0.851 1.000 
0.220 0.908 0.630 0.785 0.793 0.874 0.989 
0.230 0.914 0.896 0.646 0.770 0.908 1.000 
0.264 0.903 0.980 0.615 0.759 0.897 0.989 
0.259 0.904 1.168 0.677 1.000 1.000 1.000 
0.272 0.895 0.707 0.728 0.966 0.989 1.000 
0.303 0.870 1.091 0.656 0.989 1.000 1.000 
0.284 0.895 0.860 0.646 0.977 1.000 1.000 
0.233 0.907 0.709 0.728 0.943 0.977 1.000 
0.221 0.916 0.666 0.769 0.575 0.621 0.851 
0.273 0.897 0.673 0.759 0.805 0.931 0.931 
0.232 0.917 0.745 0.692 0.517 0.598 0.644 
0.289 0.900 0.945 0.662 0.989 0.989 1.000 
0.254 0.917 0.800 0.692 0.414 0.448 0.632 
0.247 0.903 0.672 0.749 0.989 1.000 1.000 
0.253 0.913 0.687 0.718 0.851 0.966 1.000 
0.256 0.893 1.017 0.713 0.874 0.920 1.000 
0.239 0.904 0.699 0.728 0.862 0.966 1.000 
0.280 0.914 0.892 0.692 1.000 1.000 1.000 
0.299 0.880 1.139 0.621 0.609 0.529 0.931 
0.262 0.886 0.639 0.733 0.517 0.575 0.931 
0.262 0.916 0.701 0.754 0.931 0.989 1.000 
0.279 0.895 0.869 0.662 0.977 1.000 1.000 
0.235 0.911 0.741 0.759 0.943 0.989 1.000 
0.273 0.920 0.675 0.749 0.885 0.943 1.000 
0.295 0.905 0.901 0.677 0.989 1.000 1.000 
0.272 0.899 0.719 0.779 0.874 0.943 0.989 
0.322 0.911 0.630 0.764 0.816 0.943 1.000 
0.318 0.848 0.851 0.687 0.667 0.632 0.839 
0.244 0.918 0.675 0.759 0.977 1.000 1.000 
0.242 0.926 0.830 0.708 0.908 0.977 1.000 
0.249 0.922 0.707 0.744 0.989 1.000 1.000 
0.238 0.904 1.191 0.605 0.701 0.770 1.000 
0.231 0.911 0.711 0.744 0.782 0.885 1.000 
0.243 0.920 0.739 0.718 0.989 1.000 1.000 
0.194 0.932 0.737 0.769 0.908 0.989 1.000 
0.208 0.923 0.703 0.795 0.977 0.989 1.000 
0.241 0.920 1.021 0.641 0.793 0.851 1.000 
0.279 0.899 0.831 0.662 0.851 0.966 1.000 
0.237 0.903 0.687 0.774 0.874 0.977 1.000 
0.227 0.917 0.847 0.749 0.977 1.000 1.000 
0.198 0.926 0.846 0.708 0.471 0.437 0.667 
0.237 0.922 0.659 0.759 0.943 1.000 1.000 
0.231 0.908 0.785 0.708 0.839 0.943 1.000 
0.220 0.909 0.835 0.723 0.667 0.678 0.931 
0.199 0.921 0.703 0.733 0.977 1.000 1.000 
0.197 0.920 0.635 0.764 0.885 0.966 1.000 
0.214 0.931 0.721 0.785 0.966 0.989 1.000 
0.216 0.922 0.757 0.708 0.609 0.644 0.920 
0.245 0.913 0.646 0.764 0.966 1.000 1.000 
0.249 0.899 0.740 0.718 0.908 1.000 1.000 
0.204 0.931 0.799 0.718 0.816 0.874 0.989 
0.244 0.920 0.707 0.764 0.977 1.000 1.000 
0.214 0.912 0.642 0.738 0.517 0.586 0.770 
0.219 0.925 0.729 0.754 0.736 0.851 0.989 
0.208 0.934 0.692 0.759 0.897 0.966 1.000 
0.234 0.909 0.914 0.733 0.966 1.000 1.000 
0.244 0.909 0.708 0.785 0.839 0.954 1.000 
0.220 0.917 0.767 0.703 0.724 0.805 0.954 
0.181 0.934 0.711 0.769 0.977 1.000 1.000 
0.196 0.934 0.602 0.749 0.954 1.000 1.000 
0.196 0.939 0.746 0.749 0.713 0.793 0.989 
0.246 0.894 0.783 0.749 0.977 1.000 1.000 
0.256 0.908 0.745 0.728 0.563 0.586 0.885 
0.245 0.897 0.855 0.687 0.989 1.000 1.000 
0.290 0.886 0.737 0.749 0.885 0.977 1.000 
0.292 0.902 0.853 0.733 0.724 0.724 0.977 
0.302 0.872 0.795 0.759 0.816 0.954 1.000 
0.293 0.886 0.712 0.738 0.782 0.874 1.000 
0.236 0.908 0.869 0.708 0.897 0.977 1.000 
0.250 0.923 0.823 0.667 0.747 0.782 1.000 
0.240 0.905 0.679 0.744 0.943 1.000 1.000 
0.210 0.935 0.806 0.718 0.678 0.701 0.954 
0.192 0.922 0.904 0.697 0.977 1.000 1.000 
0.176 0.944 0.770 0.744 0.885 0.954 1.000 
0.209 0.936 0.730 0.764 0.897 0.966 1.000 
0.286 0.911 1.023 0.692 0.989 1.000 1.000 
0.246 0.907 0.968 0.677 0.609 0.655 0.954 
0.234 0.917 0.666 0.759 0.966 1.000 1.000 
0.222 0.908 0.698 0.759 0.897 0.989 1.000 
0.202 0.934 0.817 0.692 0.609 0.701 0.966 
0.188 0.935 0.846 0.662 0.575 0.713 0.931 
0.194 0.926 0.714 0.774 0.540 0.655 0.885 
0.209 0.930 0.754 0.738 0.977 1.000 1.000 
0.255 0.918 0.700 0.718 0.632 0.724 0.943 
0.216 0.925 0.888 0.682 0.782 0.885 0.989 
0.224 0.934 0.846 0.692 0.736 0.793 0.966 
0.281 0.890 0.802 0.744 0.805 0.828 0.954 
0.226 0.905 1.169 0.692 0.897 1.000 1.000 
0.183 0.936 0.769 0.744 0.552 0.632 0.851 
0.170 0.934 0.732 0.779 0.977 1.000 1.000 
0.217 0.940 0.797 0.723 0.517 0.575 0.908 
0.203 0.923 0.795 0.744 0.770 0.862 0.954 
0.205 0.923 0.801 0.708 0.874 0.977 1.000 
0.193 0.930 0.785 0.754 0.954 0.989 1.000 
0.209 0.927 0.742 0.738 0.908 0.989 1.000 
0.178 0.944 0.762 0.805 0.862 0.977 1.000 
0.181 0.931 0.683 0.754 0.828 0.954 1.000 
0.171 0.935 0.769 0.703 0.816 0.920 1.000 
0.176 0.926 1.101 0.646 0.782 0.851 1.000 
0.183 0.943 1.248 0.631 0.529 0.540 0.920 
0.221 0.936 0.819 0.749 0.908 0.966 1.000 
0.258 0.928 0.762 0.764 0.931 0.989 1.000 
0.242 0.934 0.676 0.749 0.736 0.816 0.885 
0.222 0.921 0.710 0.733 0.977 1.000 1.000 
0.199 0.925 0.902 0.651 0.644 0.736 0.931 
0.172 0.940 0.730 0.790 0.977 1.000 1.000 
0.160 0.939 0.753 0.733 0.759 0.897 0.977 
0.168 0.949 0.820 0.718 0.770 0.862 0.966 
0.179 0.930 0.846 0.662 0.943 0.977 1.000 
0.194 0.920 0.759 0.733 0.667 0.736 0.966 
0.206 0.903 0.688 0.795 0.977 1.000 1.000 
0.199 0.934 0.817 0.733 0.839 0.954 1.000 
0.254 0.930 0.695 0.749 0.954 1.000 1.000 
0.223 0.912 0.836 0.708 0.977 0.989 1.000 
0.197 0.930 0.973 0.651 0.460 0.529 0.690 
0.204 0.927 0.784 0.764 0.977 1.000 1.000 
0.224 0.932 0.873 0.800 0.770 0.816 0.954 
0.212 0.914 0.770 0.769 0.391 0.322 0.517 
0.181 0.927 0.983 0.687 0.586 0.667 0.920 
0.231 0.930 0.750 0.795 0.966 1.000 1.000 
0.237 0.928 0.779 0.738 0.759 0.805 0.989 
0.147 0.949 0.724 0.738 0.862 0.977 1.000 
0.130 0.954 0.701 0.764 0.885 0.977 1.000 
0.192 0.957 0.697 0.785 0.977 1.000 1.000 
0.140 0.948 0.743 0.764 0.966 1.000 1.000 
0.149 0.946 0.745 0.754 0.897 0.977 1.000 
0.194 0.943 0.947 0.662 0.678 0.736 0.977 
0.175 0.932 0.786 0.697 0.839 0.943 1.000 
0.161 0.953 0.755 0.774 0.908 0.989 1.000 
0.185 0.936 0.752 0.779 0.977 1.000 1.000 
0.149 0.946 0.621 0.769 0.977 1.000 1.000 
0.183 0.950 0.717 0.764 0.839 0.931 1.000 
0.206 0.920 0.824 0.759 0.943 0.989 1.000 
0.171 0.955 0.822 0.769 0.782 0.897 0.989 
0.177 0.932 0.757 0.774 0.966 1.000 1.000 
0.183 0.928 0.697 0.790 0.897 0.977 1.000 
0.211 0.941 0.639 0.769 0.690 0.816 0.931 
0.170 0.932 0.786 0.749 0.839 0.954 1.000 
0.154 0.943 0.749 0.723 0.851 0.966 1.000 
0.131 0.962 0.695 0.769 0.977 1.000 1.000 
0.158 0.941 0.697 0.795 0.931 0.989 1.000 
0.169 0.943 0.697 0.785 0.977 1.000 1.000 
0.182 0.946 0.726 0.795 0.977 1.000 1.000 
0.166 0.948 0.736 0.728 0.839 0.943 1.000 
0.152 0.958 0.753 0.738 0.736 0.793 0.966 
0.160 0.959 0.802 0.774 0.989 1.000 1.000 
0.143 0.949 0.656 0.754 0.977 0.989 1.000 
0.131 0.950 0.710 0.779 0.828 0.908 0.989 
0.143 0.944 0.739 0.779 0.851 0.966 1.000 
0.171 0.948 0.838 0.779 0.954 1.000 1.000 
0.141 0.953 0.765 0.785 0.966 1.000 1.000 
0.171 0.932 0.918 0.795 0.977 1.000 1.000 
0.156 0.943 0.730 0.769 0.759 0.874 0.966 
0.160 0.944 0.745 0.785 0.908 1.000 1.000 
0.181 0.949 0.706 0.769 0.885 0.989 1.000 
0.208 0.922 0.811 0.744 0.770 0.759 0.954 
0.233 0.904 0.852 0.754 0.897 0.989 1.000 
0.155 0.927 0.748 0.723 0.747 0.851 1.000 
0.122 0.959 0.721 0.790 0.966 1.000 1.000 
0.140 0.951 0.737 0.769 0.954 0.989 1.000 
0.142 0.936 0.729 0.708 0.897 0.966 1.000 
0.221 0.948 0.689 0.795 0.874 0.966 1.000 
0.200 0.920 0.628 0.785 0.977 1.000 1.000 
0.176 0.936 0.781 0.749 0.701 0.782 0.977 
0.191 0.946 0.854 0.764 0.989 1.000 1.000 
0.172 0.936 0.717 0.749 0.931 0.989 1.000 
0.159 0.937 0.721 0.790 0.943 1.000 1.000 
0.143 0.949 0.711 0.718 0.954 0.977 1.000 
0.123 0.955 0.693 0.810 0.966 1.000 1.000 
0.195 0.950 0.895 0.703 0.851 0.931 1.000 
0.213 0.904 1.016 0.708 0.851 0.931 1.000 
0.197 0.939 0.912 0.790 0.943 1.000 1.000 
0.135 0.946 0.814 0.733 0.931 0.977 1.000 
0.151 0.955 0.677 0.779 0.839 0.954 1.000 
0.195 0.931 0.800 0.718 0.885 0.977 1.000 
0.142 0.943 0.822 0.728 0.816 0.920 1.000 
0.141 0.944 0.830 0.785 0.977 1.000 1.000 
0.199 0.946 0.670 0.779 0.885 0.977 1.000 
0.183 0.935 0.779 0.744 0.736 0.793 0.931 
0.178 0.928 0.791 0.749 0.805 0.920 1.000 
0.136 0.946 0.672 0.800 0.770 0.897 1.000 
0.118 0.960 0.718 0.790 0.931 1.000 1.000 
0.118 0.967 0.748 0.795 0.828 0.943 1.000 
0.149 0.966 0.793 0.749 0.828 0.943 1.000 
0.167 0.943 0.799 0.733 0.954 1.000 1.000 
0.177 0.948 0.754 0.779 0.966 1.000 1.000 
0.144 0.946 0.694 0.779 0.782 0.908 0.989 
0.196 0.932 1.283 0.677 0.989 1.000 1.000 
0.231 0.922 0.946 0.703 0.494 0.494 0.851 
0.234 0.937 0.750 0.779 0.862 0.977 1.000 
0.187 0.922 0.764 0.744 0.977 1.000 1.000 
0.193 0.922 0.966 0.728 0.736 0.828 0.989 
0.178 0.935 0.934 0.754 0.989 1.000 1.000 
0.149 0.932 0.760 0.800 0.966 1.000 1.000 
0.123 0.960 0.962 0.738 0.989 1.000 1.000 
0.190 0.940 0.797 0.759 0.851 0.966 1.000 
0.234 0.925 0.849 0.754 0.724 0.793 0.989 
0.170 0.935 0.728 0.754 0.920 1.000 1.000 
0.148 0.957 1.025 0.667 0.816 0.862 1.000 
0.188 0.936 0.906 0.764 0.747 0.782 0.989 
0.151 0.939 0.980 0.759 0.954 1.000 1.000 
0.140 0.953 0.813 0.774 0.977 1.000 1.000 
0.142 0.951 0.866 0.769 0.977 1.000 1.000 
0.116 0.951 0.855 0.795 0.966 1.000 1.000 
0.142 0.969 0.741 0.800 0.977 1.000 1.000 
0.165 0.946 0.720 0.769 0.897 0.966 1.000 
0.132 0.951 0.861 0.733 0.966 1.000 1.000 
0.131 0.949 0.684 0.779 0.931 1.000 1.000 
0.120 0.958 0.881 0.733 0.724 0.828 0.989 
0.126 0.971 1.004 0.687 0.943 1.000 1.000 
0.139 0.951 0.885 0.713 0.908 0.966 1.000 
0.129 0.966 0.789 0.795 0.943 1.000 1.000 
0.221 0.939 0.827 0.779 0.977 1.000 1.000 
0.250 0.927 0.973 0.738 0.977 1.000 1.000 
0.202 0.927 0.767 0.764 0.897 0.977 1.000 
0.163 0.931 0.842 0.795 0.908 0.989 1.000 
0.138 0.953 0.873 0.738 0.977 1.000 1.000 
0.139 0.951 1.031 0.646 0.678 0.759 0.989 
0.173 0.953 0.933 0.713 0.782 0.851 0.977 
0.172 0.945 0.827 0.764 0.920 0.989 1.000 
0.141 0.950 0.883 0.785 0.816 0.931 1.000 
0.164 0.960 0.825 0.779 0.954 1.000 1.000 
0.163 0.958 0.806 0.754 0.586 0.632 0.966 
0.139 0.940 0.741 0.785 0.977 1.000 1.000 
0.115 0.963 0.836 0.769 0.977 1.000 1.000 
0.129 0.971 0.779 0.790 0.977 1.000 1.000 
0.127 0.954 0.904 0.774 0.954 1.000 1.000 
0.109 0.967 0.685 0.795 0.977 1.000 1.000 
0.131 0.959 0.973 0.713 0.874 0.931 1.000 
0.127 0.957 0.791 0.764 0.943 0.966 1.000 
0.119 0.959 0.879 0.744 0.862 0.943 1.000 
0.207 0.958 0.874 0.718 0.977 1.000 1.000 
0.170 0.921 1.051 0.703 0.805 0.920 1.000 
0.158 0.960 0.766 0.785 0.966 0.989 1.000 
0.104 0.968 0.814 0.790 0.966 0.989 1.000 
0.121 0.971 0.745 0.738 0.862 0.943 1.000 
0.150 0.964 0.845 0.790 0.977 1.000 1.000 
0.149 0.941 0.788 0.805 0.977 1.000 1.000 
0.140 0.957 1.019 0.687 0.724 0.839 0.989 
0.122 0.968 0.759 0.769 0.954 0.989 1.000 
0.119 0.964 0.927 0.785 0.977 1.000 1.000 
0.114 0.966 0.748 0.790 0.989 1.000 1.000 
0.107 0.969 0.669 0.795 0.977 1.000 1.000 
0.110 0.968 0.718 0.805 0.977 1.000 1.000 
0.102 0.969 0.766 0.749 0.851 0.977 1.000 
0.140 0.958 0.679 0.779 0.908 0.989 1.000 
0.155 0.946 0.904 0.790 0.828 0.977 1.000 
0.102 0.962 1.051 0.774 0.954 1.000 1.000 
0.093 0.973 0.781 0.774 0.943 1.000 1.000 
0.092 0.971 0.789 0.774 0.977 1.000 1.000 
0.131 0.967 0.780 0.769 0.966 1.000 1.000 
0.120 0.959 0.802 0.733 0.977 1.000 1.000 
0.120 0.964 0.865 0.774 0.966 1.000 1.000 
0.110 0.955 0.873 0.790 0.977 1.000 1.000 
0.112 0.973 0.834 0.749 0.954 1.000 1.000 
0.141 0.954 0.853 0.759 0.897 0.977 1.000 
0.133 0.957 0.816 0.764 0.977 1.000 1.000 
0.104 0.962 0.873 0.795 0.977 1.000 1.000 
0.111 0.969 0.847 0.774 0.977 1.000 1.000 
0.121 0.964 0.779 0.759 0.977 1.000 1.000 
0.128 0.962 0.814 0.764 0.862 0.966 1.000 
0.114 0.953 0.955 0.779 0.977 1.000 1.000 
0.152 0.967 0.736 0.769 0.954 1.000 1.000 
0.172 0.941 0.953 0.733 0.954 1.000 1.000 
0.189 0.958 0.826 0.769 0.989 1.000 1.000 
0.182 0.930 0.941 0.708 0.954 0.977 1.000 
0.139 0.949 1.073 0.759 0.977 1.000 1.000 
0.128 0.959 0.893 0.779 0.897 0.966 1.000 
0.121 0.953 0.876 0.749 0.977 1.000 1.000 
0.107 0.972 0.685 0.785 0.977 1.000 1.000 
0.113 0.969 0.773 0.790 0.966 1.000 1.000 
0.119 0.968 0.731 0.790 0.966 1.000 1.000 
0.111 0.971 0.836 0.800 0.977 1.000 1.000 
0.095 0.967 0.919 0.754 0.943 0.977 1.000 
0.104 0.976 0.823 0.785 0.977 1.000 1.000 
0.097 0.969 0.699 0.785 0.977 1.000 1.000 
0.140 0.959 1.169 0.667 0.874 0.977 1.000 
0.152 0.944 1.124 0.667 0.747 0.839 1.000 
0.130 0.953 0.884 0.774 0.977 1.000 1.000 
0.122 0.968 0.812 0.769 0.908 0.989 1.000 
0.098 0.966 0.741 0.779 0.943 0.977 1.000 
0.093 0.974 0.802 0.774 0.977 1.000 1.000 
0.097 0.972 0.810 0.795 0.977 1.000 1.000 
0.134 0.971 0.781 0.805 0.989 1.000 1.000 
0.153 0.958 0.887 0.810 0.989 1.000 1.000 
0.107 0.957 0.827 0.774 0.920 0.977 1.000 
0.146 0.966 0.732 0.805 0.977 1.000 1.000 
0.177 0.950 0.782 0.805 0.989 1.000 1.000 
0.113 0.960 1.053 0.682 0.874 0.977 1.000 
0.119 0.966 0.820 0.785 0.920 0.989 1.000 
0.110 0.960 0.814 0.744 0.977 1.000 1.000 
0.097 0.968 0.818 0.790 0.943 0.989 1.000 
0.098 0.964 0.763 0.779 0.977 1.000 1.000 
0.114 0.972 0.829 0.805 0.977 1.000 1.000 
0.091 0.964 0.767 0.790 0.977 1.000 1.000 
0.092 0.974 0.700 0.810 0.977 1.000 1.000 
0.103 0.969 0.822 0.805 0.977 1.000 1.000 
0.108 0.962 0.740 0.774 0.977 1.000 1.000 
0.093 0.969 0.872 0.795 0.977 1.000 1.000 
0.085 0.973 0.800 0.795 0.977 1.000 1.000 
0.090 0.976 0.897 0.749 0.874 0.977 1.000 
0.097 0.972 0.930 0.733 0.897 0.977 1.000 
0.088 0.971 0.879 0.800 0.966 1.000 1.000 
0.105 0.974 0.849 0.805 0.977 1.000 1.000 
0.189 0.959 0.843 0.754 0.908 0.989 1.000 
0.193 0.922 0.965 0.708 0.851 0.920 1.000 
0.110 0.964 0.808 0.764 0.977 1.000 1.000 
0.118 0.960 0.825 0.749 0.874 0.943 1.000 
0.130 0.959 0.940 0.744 0.977 1.000 1.000 
0.099 0.963 0.870 0.764 0.977 1.000 1.000 
0.119 0.972 0.846 0.774 0.977 1.000 1.000 
0.119 0.968 0.880 0.728 0.977 1.000 1.000 
0.127 0.951 1.023 0.779 0.977 1.000 1.000 
0.106 0.963 0.887 0.754 0.966 1.000 1.000 
0.149 0.964 0.855 0.769 0.954 1.000 1.000 
0.133 0.950 0.831 0.759 0.943 1.000 1.000 
0.103 0.962 0.859 0.769 0.943 1.000 1.000 
0.151 0.968 0.704 0.810 0.954 1.000 1.000 
0.127 0.964 0.783 0.785 0.989 1.000 1.000 
0.135 0.954 0.910 0.744 0.977 1.000 1.000 
0.153 0.968 0.891 0.759 0.977 1.000 1.000 
0.094 0.971 0.922 0.713 0.977 1.000 1.000 
0.088 0.972 0.948 0.759 0.931 0.977 1.000 
0.207 0.968 0.838 0.790 0.966 1.000 1.000 
0.145 0.950 0.945 0.754 0.897 0.931 1.000 
0.101 0.967 0.819 0.754 0.920 0.954 1.000 
0.093 0.973 0.820 0.759 0.966 0.989 1.000 
0.086 0.973 0.786 0.769 0.954 0.989 1.000 
0.091 0.972 0.846 0.759 0.954 0.989 1.000 
0.083 0.980 0.812 0.795 0.966 1.000 1.000 
0.085 0.978 0.825 0.805 0.943 1.000 1.000 
0.082 0.974 0.919 0.769 0.977 1.000 1.000 
0.095 0.980 0.817 0.800 0.977 1.000 1.000 
0.110 0.972 0.768 0.769 0.931 0.989 1.000 
0.109 0.967 0.865 0.754 0.851 0.977 1.000 
0.101 0.976 0.898 0.779 0.977 1.000 1.000 
0.129 0.969 0.893 0.795 0.977 1.000 1.000 
0.119 0.976 0.829 0.785 0.966 1.000 1.000 
0.142 0.973 0.916 0.749 0.931 0.977 1.000 
0.144 0.937 1.265 0.672 0.609 0.747 0.931 
0.111 0.972 0.864 0.805 0.977 0.977 1.000 
0.088 0.974 1.032 0.790 0.977 0.977 1.000 
0.082 0.977 1.079 0.774 0.977 1.000 1.000 
0.107 0.976 0.839 0.800 0.989 1.000 1.000 
0.077 0.981 0.823 0.785 0.989 1.000 1.000 
0.083 0.977 0.778 0.774 0.989 1.000 1.000 
0.084 0.982 0.860 0.759 0.943 0.977 1.000 
0.102 0.973 0.828 0.779 0.989 1.000 1.000 
0.117 0.971 0.918 0.769 0.989 1.000 1.000 
0.170 0.966 0.926 0.769 0.989 1.000 1.000 
0.142 0.946 1.002 0.708 0.897 0.943 1.000 
0.089 0.964 0.852 0.800 0.989 1.000 1.000 
0.076 0.974 0.795 0.785 0.989 1.000 1.000 
0.108 0.974 0.877 0.774 0.920 0.943 1.000 
0.099 0.972 0.973 0.805 0.874 0.943 1.000 
0.134 0.977 0.795 0.795 0.966 1.000 1.000 
0.104 0.959 0.843 0.754 0.839 0.954 1.000 
0.094 0.976 0.785 0.790 0.885 0.966 1.000 
0.113 0.972 1.052 0.749 0.747 0.816 0.966 
0.101 0.974 0.860 0.785 0.989 1.000 1.000 
0.108 0.971 0.913 0.805 0.977 1.000 1.000 
0.102 0.968 0.815 0.754 0.931 0.966 1.000 
0.133 0.959 0.885 0.713 0.977 0.989 1.000 
0.112 0.977 0.893 0.790 0.977 1.000 1.000 
0.097 0.974 0.823 0.764 0.989 1.000 1.000 
0.093 0.969 0.858 0.785 0.977 1.000 1.000 
0.096 0.967 0.898 0.769 0.931 0.977 1.000 
0.097 0.978 0.757 0.779 0.977 1.000 1.000 
0.095 0.977 0.837 0.805 0.989 1.000 1.000 
0.140 0.966 0.825 0.795 0.954 0.989 1.000 
0.152 0.954 0.920 0.785 0.989 1.000 1.000 
0.138 0.959 1.004 0.703 0.989 0.989 1.000 
0.107 0.968 0.897 0.774 0.977 0.989 1.000 
0.080 0.974 1.072 0.774 0.989 1.000 1.000 
0.078 0.974 0.751 0.790 0.966 0.989 1.000 
0.112 0.976 0.805 0.769 0.931 0.977 1.000 
0.098 0.972 1.008 0.785 0.954 0.954 1.000 
0.109 0.972 0.742 0.800 0.954 0.989 1.000 
0.076 0.976 0.829 0.749 0.966 0.989 1.000 
0.106 0.971 1.009 0.738 0.943 0.966 1.000 
0.077 0.978 0.939 0.744 0.977 0.989 1.000 
0.151 0.974 1.012 0.723 0.966 0.977 1.000 
0.115 0.967 1.348 0.697 0.552 0.609 0.862 
0.080 0.971 0.788 0.790 0.954 0.989 1.000 
0.121 0.978 0.765 0.774 0.920 0.977 1.000 
0.108 0.973 0.912 0.754 0.977 0.989 1.000 
0.091 0.973 0.906 0.790 0.977 1.000 1.000 
0.086 0.976 0.849 0.805 0.977 1.000 1.000 
0.082 0.971 0.787 0.805 0.989 1.000 1.000 
0.113 0.969 1.013 0.785 0.989 1.000 1.000 
0.097 0.974 1.083 0.749 0.989 1.000 1.000 
0.110 0.976 0.842 0.790 0.977 1.000 1.000 
0.097 0.977 0.854 0.764 0.977 1.000 1.000 
0.103 0.967 0.878 0.749 0.874 0.908 1.000 
0.114 0.962 0.856 0.759 0.977 1.000 1.000 
0.074 0.977 0.904 0.738 0.920 0.966 1.000 
0.091 0.981 0.826 0.769 0.977 0.989 1.000 
0.077 0.980 0.864 0.759 0.977 0.989 1.000 
0.091 0.980 0.802 0.779 0.977 0.989 1.000 
0.111 0.978 0.885 0.805 0.989 0.989 1.000 
0.091 0.976 0.902 0.779 0.989 1.000 1.000 
0.104 0.976 0.834 0.774 0.977 0.989 1.000 
0.126 0.982 0.798 0.790 0.977 0.989 1.000 
0.085 0.968 0.819 0.759 0.989 1.000 1.000 
0.072 0.977 0.937 0.749 0.977 0.989 1.000 
0.102 0.980 0.808 0.744 0.977 0.989 1.000 
0.090 0.969 0.842 0.764 0.989 0.989 1.000 
0.070 0.981 0.863 0.790 0.943 0.989 1.000 
0.089 0.980 0.859 0.774 0.966 0.989 1.000 
0.070 0.980 0.933 0.744 0.954 0.989 1.000 
0.095 0.981 0.848 0.805 0.989 1.000 1.000 
0.081 0.969 0.897 0.800 0.989 0.989 1.000 
0.101 0.977 0.855 0.754 0.966 0.989 1.000 
0.081 0.973 0.909 0.744 0.977 0.989 1.000 
0.080 0.977 0.788 0.779 0.977 0.989 1.000 
0.073 0.974 0.870 0.800 0.954 0.977 1.000 
0.069 0.980 0.819 0.800 0.977 0.989 1.000 
0.076 0.982 0.753 0.805 0.977 0.989 1.000 
0.088 0.982 0.921 0.810 0.977 0.989 1.000 
0.125 0.974 0.899 0.738 0.977 0.989 1.000 
0.080 0.980 0.895 0.744 0.977 0.989 1.000 
0.080 0.977 0.843 0.785 0.977 0.989 1.000 
0.084 0.977 0.795 0.815 0.977 0.989 1.000 
0.070 0.977 0.965 0.805 0.977 0.989 1.000 
0.081 0.978 0.842 0.774 0.977 0.989 1.000 
0.078 0.980 0.892 0.759 0.977 0.989 1.000 
0.091 0.976 0.818 0.790 0.977 0.989 1.000 
0.080 0.974 0.822 0.800 0.977 0.989 1.000 
0.085 0.976 0.834 0.769 0.977 0.989 1.000 
0.119 0.980 0.891 0.795 0.966 0.989 1.000 
0.104 0.974 1.012 0.738 0.908 0.966 1.000 
0.081 0.972 1.000 0.708 0.920 0.977 1.000 
0.070 0.980 0.748 0.790 0.805 0.920 0.989 
0.082 0.981 0.860 0.805 0.943 0.977 1.000 
0.077 0.981 0.868 0.805 0.977 0.989 1.000 
0.091 0.981 0.804 0.785 0.977 0.989 1.000 
0.101 0.982 0.819 0.779 0.931 0.977 1.000 
0.094 0.974 0.860 0.805 0.989 1.000 1.000 
0.072 0.974 0.937 0.790 0.989 1.000 1.000 
0.082 0.973 0.981 0.744 0.897 0.966 1.000 
0.078 0.981 1.028 0.754 0.943 0.989 1.000 
0.080 0.981 0.947 0.795 0.977 0.989 1.000 
0.093 0.985 0.937 0.815 0.977 1.000 1.000 
0.074 0.980 0.862 0.800 0.977 1.000 1.000 
0.100 0.976 0.894 0.774 0.977 0.989 1.000 
0.069 0.971 0.890 0.764 0.977 1.000 1.000 
0.123 0.983 0.844 0.774 0.977 1.000 1.000 
0.095 0.969 0.968 0.733 0.977 1.000 1.000 
0.081 0.985 0.973 0.821 0.977 0.989 1.000 
0.089 0.974 0.861 0.779 0.954 0.977 1.000 
0.078 0.978 0.855 0.800 0.977 0.989 1.000 
0.101 0.982 0.812 0.800 0.977 0.989 1.000 
0.104 0.974 0.807 0.790 0.977 1.000 1.000 
0.079 0.978 0.862 0.754 0.977 0.989 1.000 
0.061 0.987 0.938 0.749 0.931 0.977 1.000 
0.061 0.985 0.836 0.779 0.977 0.989 1.000 
0.052 0.987 0.822 0.795 0.977 0.989 1.000 
0.076 0.980 0.843 0.795 0.977 0.989 1.000 
0.106 0.980 0.771 0.795 0.977 0.989 1.000 
0.115 0.976 0.833 0.805 0.977 1.000 1.000 
0.115 0.955 0.917 0.764 0.839 0.954 1.000 
0.079 0.976 0.963 0.805 0.966 1.000 1.000 
0.059 0.986 0.842 0.779 0.977 0.989 1.000 
0.068 0.987 0.829 0.800 0.977 0.989 1.000 
0.101 0.978 0.821 0.774 0.977 0.989 1.000 
0.070 0.974 0.981 0.749 0.977 0.989 1.000 
0.063 0.982 0.815 0.790 0.977 0.989 1.000 
0.079 0.981 0.854 0.790 0.977 1.000 1.000 
0.071 0.981 0.852 0.785 0.977 1.000 1.000 
0.096 0.985 0.917 0.785 0.977 1.000 1.000 
0.081 0.981 0.896 0.785 0.977 1.000 1.000 
0.069 0.974 0.854 0.754 0.977 1.000 1.000 
0.076 0.980 0.898 0.795 0.977 1.000 1.000 
0.060 0.981 0.854 0.810 0.989 0.989 1.000 
0.061 0.986 0.786 0.805 0.977 0.989 1.000 
0.078 0.989 0.878 0.779 0.897 0.966 1.000 
0.071 0.980 0.905 0.785 0.897 0.977 1.000 
0.081 0.982 0.828 0.785 0.931 0.977 1.000 
0.135 0.972 0.986 0.738 0.690 0.793 0.954 
0.143 0.964 0.953 0.764 0.920 0.954 1.000 
0.098 0.968 0.829 0.790 0.931 0.977 1.000 
0.187 0.972 0.797 0.805 0.977 0.989 1.000 
0.151 0.959 0.993 0.754 0.862 0.920 1.000 
0.083 0.972 0.749 0.805 0.931 0.977 1.000 
0.068 0.981 0.865 0.779 0.966 0.989 1.000 
0.088 0.980 0.878 0.795 0.977 0.989 1.000 
0.068 0.982 0.843 0.759 0.966 0.989 1.000 
0.093 0.978 0.865 0.790 0.977 0.989 1.000 
0.072 0.974 0.908 0.790 0.977 0.989 1.000 
0.107 0.983 0.768 0.795 0.977 0.989 1.000 
0.206 0.964 0.981 0.795 0.989 1.000 1.000 
0.112 0.953 0.938 0.779 0.989 1.000 1.000 
0.084 0.981 0.900 0.805 0.977 0.989 1.000 
0.063 0.978 0.764 0.790 0.977 0.989 1.000 
0.079 0.978 0.849 0.795 0.989 1.000 1.000 
0.131 0.980 0.949 0.738 0.977 0.989 1.000 
0.092 0.977 0.972 0.723 0.931 0.977 1.000 
0.077 0.985 0.827 0.795 0.989 1.000 1.000 
0.093 0.976 0.809 0.795 0.954 0.989 1.000 
0.074 0.982 0.823 0.795 0.989 1.000 1.000 
0.072 0.981 0.922 0.805 0.954 1.000 1.000 
0.069 0.986 0.910 0.774 0.977 0.989 1.000 
0.066 0.986 0.835 0.785 0.977 1.000 1.000 
0.074 0.981 0.924 0.779 0.943 0.989 1.000 
0.067 0.981 0.939 0.795 0.966 0.989 1.000 
0.056 0.989 0.874 0.800 0.977 0.989 1.000 
0.093 0.974 0.926 0.779 0.977 0.989 1.000 
0.071 0.981 0.943 0.744 0.977 1.000 1.000 
0.062 0.983 0.832 0.779 0.977 1.000 1.000 
0.118 0.977 0.839 0.795 0.977 1.000 1.000 
0.105 0.972 0.921 0.795 0.989 1.000 1.000 
0.092 0.983 0.933 0.764 0.989 0.989 1.000 
0.081 0.980 0.824 0.764 0.977 0.989 1.000 
0.094 0.982 0.915 0.774 0.977 0.989 1.000 
0.084 0.977 0.970 0.754 0.977 0.989 1.000 
0.063 0.981 0.946 0.764 0.954 0.977 1.000 
0.092 0.972 0.981 0.800 0.954 0.977 1.000 
0.111 0.973 0.996 0.713 0.943 0.966 1.000 
0.064 0.978 1.044 0.795 0.989 0.989 1.000 
0.084 0.980 0.855 0.800 0.954 0.989 1.000 
0.062 0.982 0.947 0.790 0.954 0.977 1.000 
0.101 0.977 0.767 0.795 0.977 0.989 1.000 
0.098 0.982 0.970 0.800 0.977 1.000 1.000 
0.075 0.978 0.830 0.779 0.954 0.989 1.000 
0.082 0.981 0.846 0.800 0.977 0.989 1.000 
0.069 0.981 0.828 0.795 0.977 1.000 1.000 
0.123 0.981 0.939 0.779 0.977 0.989 1.000 
0.115 0.977 0.980 0.774 0.977 0.989 1.000 
0.074 0.981 0.824 0.795 0.977 0.989 1.000 
0.073 0.978 0.930 0.754 0.943 0.977 1.000 
0.063 0.983 0.892 0.764 0.977 0.989 1.000 
0.187 0.982 0.883 0.738 0.977 0.989 1.000 
0.086 0.977 1.091 0.713 0.931 0.966 1.000 
0.085 0.973 0.868 0.795 0.977 0.989 1.000 
0.058 0.977 0.866 0.795 0.977 0.989 1.000 
0.060 0.982 0.893 0.800 0.977 0.989 1.000 
0.058 0.985 0.875 0.810 0.977 0.989 1.000 
0.085 0.981 0.786 0.795 0.977 0.989 1.000 
0.083 0.983 0.905 0.810 0.966 0.989 1.000 
0.107 0.977 0.900 0.795 0.977 0.989 1.000 
0.088 0.971 0.800 0.774 0.977 0.989 1.000 
0.087 0.981 0.761 0.774 0.966 0.989 1.000 
0.078 0.986 0.935 0.785 0.966 0.989 1.000 
0.061 0.986 0.921 0.785 0.966 0.989 1.000 
0.058 0.985 0.884 0.800 0.977 0.989 1.000 
0.085 0.983 0.817 0.774 0.977 0.989 1.000 
0.084 0.980 0.837 0.785 0.908 0.977 1.000 
0.092 0.976 0.924 0.800 0.977 0.989 1.000 
0.088 0.974 0.887 0.764 0.977 0.989 1.000 
0.089 0.977 0.993 0.733 0.966 0.989 1.000 
0.065 0.982 0.795 0.790 0.977 0.989 1.000 
0.062 0.987 0.825 0.805 0.977 0.989 1.000 
0.067 0.985 0.906 0.790 0.977 0.989 1.000 
0.086 0.981 0.753 0.785 0.977 0.989 1.000 
0.059 0.981 0.778 0.764 0.977 0.989 1.000 
0.094 0.981 0.823 0.774 0.977 0.989 1.000 
0.072 0.980 0.947 0.795 0.989 0.989 1.000 
0.104 0.980 1.004 0.795 0.977 0.989 1.000 
0.073 0.981 0.986 0.774 0.966 0.989 1.000 
0.055 0.982 0.972 0.774 0.931 0.977 1.000 
0.057 0.982 0.897 0.795 0.966 0.989 1.000 
0.062 0.990 0.838 0.800 0.966 0.989 1.000 
0.110 0.982 0.822 0.779 0.954 0.977 1.000 
0.073 0.977 0.926 0.744 0.770 0.839 0.989 
0.061 0.985 0.757 0.805 0.943 0.977 1.000 
0.064 0.987 0.860 0.800 0.966 0.989 1.000 
0.067 0.983 0.856 0.785 0.977 0.989 1.000 
0.067 0.985 0.874 0.749 0.977 0.989 1.000 
0.060 0.986 0.770 0.774 0.977 0.989 1.000 
0.090 0.983 0.922 0.779 0.989 0.989 1.000 
0.058 0.985 0.982 0.774 0.977 0.989 1.000 
0.066 0.981 0.860 0.774 0.989 0.989 1.000 
0.080 0.980 0.869 0.774 0.977 1.000 1.000 
0.114 0.981 0.984 0.779 0.977 0.989 1.000 
0.070 0.985 0.802 0.785 0.977 1.000 1.000 
0.106 0.978 0.929 0.779 0.977 0.989 1.000 
0.058 0.985 0.849 0.749 0.977 0.989 1.000 
0.058 0.985 0.900 0.754 0.931 0.977 1.000 
0.074 0.985 0.897 0.785 0.966 0.989 1.000 
0.079 0.987 0.800 0.779 0.977 0.989 1.000 
0.087 0.980 0.888 0.795 0.977 0.989 1.000 
0.093 0.985 0.897 0.774 0.977 0.989 1.000 
0.127 0.976 0.762 0.769 0.977 0.989 1.000 
0.096 0.982 0.899 0.785 0.977 0.989 1.000 
0.054 0.989 0.878 0.800 0.989 1.000 1.000 
0.061 0.978 0.908 0.779 0.977 0.989 1.000 
0.058 0.989 0.850 0.785 0.977 0.989 1.000 
0.065 0.982 0.824 0.774 0.977 0.989 1.000 
0.059 0.982 0.915 0.779 0.977 0.989 1.000 
0.108 0.981 0.823 0.769 0.977 0.989 1.000 
0.078 0.980 0.845 0.785 0.989 0.989 1.000 
0.072 0.982 0.900 0.790 0.977 0.989 1.000 
0.056 0.985 0.933 0.800 0.989 0.989 1.000 
0.050 0.987 0.917 0.790 0.977 0.989 1.000 
0.074 0.987 0.892 0.774 0.977 0.989 1.000 
0.048 0.990 0.800 0.779 0.966 0.989 1.000 
0.056 0.986 0.785 0.769 0.977 0.989 1.000 
0.086 0.983 0.849 0.805 0.977 0.989 1.000 
0.080 0.972 0.978 0.790 0.977 1.000 1.000 
0.080 0.983 0.828 0.795 0.977 1.000 1.000 
0.084 0.969 1.023 0.754 0.977 0.989 1.000 
0.107 0.972 1.003 0.779 0.989 1.000 1.000 
0.081 0.982 1.119 0.779 0.989 1.000 1.000 
0.072 0.981 0.874 0.795 0.977 0.989 1.000 
0.059 0.983 0.916 0.769 0.966 0.977 1.000 
0.070 0.985 0.882 0.779 0.977 0.989 1.000 
0.074 0.982 0.927 0.744 0.977 0.989 1.000 
0.068 0.983 0.966 0.754 0.977 0.989 1.000 
0.056 0.985 0.858 0.774 0.966 0.989 1.000 
0.068 0.985 0.845 0.785 0.977 0.989 1.000 
0.069 0.986 0.931 0.790 0.989 0.989 1.000 
0.068 0.985 0.861 0.785 0.954 0.989 1.000 
0.131 0.983 0.892 0.785 0.977 0.989 1.000 
0.069 0.980 0.970 0.749 0.977 0.989 1.000 
0.060 0.982 0.870 0.764 0.977 0.989 1.000 
0.058 0.981 0.984 0.764 0.977 0.989 1.000 
0.057 0.985 0.936 0.795 0.977 0.989 1.000 
0.054 0.989 0.910 0.779 0.977 0.989 1.000 
0.066 0.991 0.944 0.774 0.966 0.989 1.000 
0.064 0.985 0.975 0.785 0.943 0.977 1.000 
0.053 0.987 0.885 0.790 0.943 0.977 1.000 
0.063 0.987 0.965 0.785 0.966 0.989 1.000 
0.068 0.983 0.879 0.785 0.977 0.989 1.000 
0.067 0.982 1.005 0.785 0.977 0.989 1.000 
0.065 0.982 0.936 0.795 0.977 0.989 1.000 
0.081 0.989 0.842 0.774 0.977 0.989 1.000 
0.168 0.974 0.917 0.774 0.977 0.989 1.000 
0.143 0.967 0.808 0.790 0.977 0.989 1.000 
0.065 0.977 0.865 0.785 0.977 0.989 1.000 
0.058 0.978 0.895 0.790 0.977 0.989 1.000 
0.103 0.981 0.930 0.785 0.977 0.989 1.000 
0.099 0.980 0.834 0.779 0.977 0.989 1.000 
0.071 0.980 1.126 0.749 0.908 0.966 1.000 
0.072 0.976 0.917 0.779 0.977 0.989 1.000 
0.086 0.983 0.895 0.769 0.977 0.989 1.000 
0.083 0.983 0.883 0.779 0.977 0.989 1.000 
0.075 0.981 0.804 0.774 0.977 0.989 1.000 
0.092 0.982 0.847 0.774 0.977 0.989 1.000 
0.067 0.982 0.889 0.785 0.977 0.989 1.000 
0.087 0.980 0.957 0.774 0.977 0.989 1.000 
0.070 0.983 0.936 0.785 0.977 0.989 1.000 
0.074 0.987 1.049 0.774 0.977 0.989 1.000 
0.113 0.986 0.910 0.774 0.966 0.989 1.000 
0.076 0.976 1.044 0.718 0.862 0.931 1.000 
0.090 0.983 0.924 0.774 0.977 0.989 1.000 
0.066 0.982 0.881 0.790 0.977 0.989 1.000 
0.086 0.982 0.831 0.795 0.977 0.989 1.000 
0.073 0.985 0.941 0.779 0.977 0.989 1.000 
0.063 0.981 0.825 0.769 0.977 0.989 1.000 
0.054 0.983 0.883 0.769 0.966 0.989 1.000 
0.063 0.987 1.021 0.779 0.977 0.989 1.000 
0.052 0.987 0.902 0.779 0.977 0.989 1.000 
0.062 0.985 0.881 0.779 0.977 0.989 1.000 
0.060 0.987 0.993 0.759 0.977 0.989 1.000 
0.116 0.981 0.950 0.764 0.977 0.989 1.000 
0.083 0.982 1.307 0.692 0.793 0.874 1.000 
0.102 0.987 0.899 0.795 0.977 0.989 1.000 
0.060 0.986 0.932 0.785 0.977 0.989 1.000 
0.049 0.992 0.903 0.779 0.977 0.989 1.000 
0.085 0.985 0.928 0.785 0.977 0.989 1.000 
0.057 0.986 0.997 0.785 0.977 0.989 1.000 
0.061 0.982 0.987 0.785 0.977 0.989 1.000 
0.108 0.983 0.901 0.779 0.977 0.989 1.000 
0.120 0.976 0.979 0.790 0.977 0.989 1.000 
0.077 0.977 0.987 0.785 0.966 0.977 1.000 
0.073 0.980 0.914 0.795 0.977 0.989 1.000 
0.063 0.982 0.904 0.774 0.977 0.989 1.000 
0.077 0.976 0.931 0.790 0.977 0.989 1.000 
0.143 0.985 0.964 0.785 0.977 0.989 1.000 
0.066 0.985 0.853 0.759 0.977 0.989 1.000 
0.058 0.985 1.135 0.759 0.977 0.989 1.000 
0.100 0.978 0.922 0.759 0.977 0.989 1.000 
0.073 0.986 0.889 0.749 0.977 0.989 1.000 
0.102 0.981 1.097 0.764 0.885 0.966 1.000 
0.067 0.987 0.954 0.790 0.977 0.989 1.000 
0.076 0.986 0.823 0.795 0.977 0.989 1.000 
0.064 0.978 0.835 0.779 0.977 0.989 1.000 
0.072 0.983 0.995 0.779 0.977 1.000 1.000 
0.072 0.978 0.935 0.779 0.989 1.000 1.000 
0.057 0.987 0.984 0.779 0.977 0.989 1.000 
0.070 0.983 0.989 0.759 0.977 0.989 1.000 
0.052 0.990 1.050 0.764 0.977 0.989 1.000 
0.056 0.987 0.851 0.774 0.977 0.989 1.000 
0.075 0.983 0.883 0.764 0.977 0.989 1.000 
0.062 0.987 0.858 0.769 0.977 0.989 1.000 
0.047 0.989 0.971 0.795 0.977 0.989 1.000 
0.058 0.987 0.881 0.790 0.977 0.989 1.000 
0.059 0.983 0.959 0.779 0.977 0.989 1.000 
0.058 0.989 0.897 0.785 0.977 0.989 1.000 
0.067 0.983 0.955 0.790 0.977 0.989 1.000 
0.053 0.986 0.938 0.779 0.977 0.989 1.000 
0.049 0.989 0.940 0.774 0.977 0.989 1.000 
0.061 0.990 0.925 0.779 0.977 0.989 1.000 
0.056 0.985 1.016 0.764 0.977 0.989 1.000 
0.100 0.985 0.905 0.774 0.977 0.989 1.000 
0.067 0.974 1.033 0.815 0.989 1.000 1.000 
0.055 0.989 0.952 0.779 0.977 0.989 1.000 
0.101 0.985 0.865 0.759 0.977 0.989 1.000 
0.051 0.985 0.895 0.749 0.977 0.989 1.000 
0.051 0.986 0.911 0.759 0.977 0.989 1.000 
0.053 0.990 0.963 0.764 0.977 0.989 1.000 
0.056 0.990 0.936 0.769 0.977 0.989 1.000 
0.073 0.982 0.837 0.774 0.977 0.989 1.000 
0.074 0.989 0.915 0.790 0.977 0.989 1.000 
0.079 0.985 0.938 0.764 0.977 0.989 1.000 
0.058 0.986 0.990 0.738 0.977 0.989 1.000 
0.090 0.986 0.873 0.774 0.977 0.989 1.000 
0.060 0.985 1.004 0.754 0.977 0.989 1.000 
0.082 0.982 0.900 0.785 0.977 0.989 1.000 
0.053 0.991 0.895 0.785 0.977 0.989 1.000 
0.062 0.982 0.933 0.779 0.977 0.989 1.000 
0.053 0.986 0.942 0.785 0.977 0.989 1.000 
0.084 0.985 1.019 0.764 0.977 0.989 1.000 
0.075 0.986 0.909 0.754 0.977 0.989 1.000 
0.055 0.983 1.016 0.764 0.977 0.989 1.000 
0.047 0.985 0.886 0.779 0.977 0.989 1.000 
0.054 0.986 0.924 0.785 0.977 0.989 1.000 
0.063 0.986 0.901 0.790 0.977 0.989 1.000 
0.152 0.978 0.935 0.785 0.977 0.989 1.000 
0.072 0.983 0.906 0.795 0.954 0.977 1.000 
0.077 0.989 0.997 0.779 0.977 0.989 1.000 
0.056 0.986 0.919 0.785 0.977 0.989 1.000 
0.052 0.987 0.816 0.795 0.977 0.989 1.000 
0.048 0.992 0.932 0.790 0.977 0.989 1.000 
0.060 0.989 0.853 0.790 0.977 0.989 1.000 
0.052 0.987 0.837 0.774 0.977 0.989 1.000 
0.044 0.990 0.851 0.779 0.977 0.989 1.000 
0.054 0.982 0.882 0.779 0.977 0.989 1.000 
0.060 0.986 0.949 0.795 0.977 0.989 1.000 
0.074 0.982 0.946 0.785 0.977 0.989 1.000 
0.089 0.983 0.768 0.779 0.977 1.000 1.000 
0.060 0.986 0.908 0.779 0.977 1.000 1.000 
0.049 0.987 0.897 0.779 0.977 0.989 1.000 
0.049 0.985 0.815 0.785 0.977 0.989 1.000 
0.048 0.990 0.902 0.779 0.977 0.989 1.000 
0.078 0.987 0.893 0.779 0.966 0.989 1.000 
0.071 0.987 1.092 0.723 0.897 0.954 1.000 
0.053 0.983 0.917 0.774 0.966 0.977 1.000 
0.072 0.987 0.848 0.785 0.977 0.989 1.000 
0.049 0.987 0.833 0.785 0.977 0.989 1.000 
0.082 0.989 0.978 0.785 0.977 0.989 1.000 
0.060 0.982 0.855 0.779 0.977 0.989 1.000 
0.064 0.982 0.858 0.785 0.977 0.989 1.000 
0.054 0.986 0.962 0.774 0.977 0.989 1.000 
0.095 0.977 0.910 0.795 0.977 0.989 1.000 
0.062 0.982 0.989 0.790 0.977 0.989 1.000 
0.052 0.991 0.920 0.795 0.977 0.989 1.000 
0.068 0.990 0.975 0.785 0.977 0.989 1.000 
0.052 0.983 0.916 0.779 0.966 0.989 1.000 
0.070 0.982 1.001 0.779 0.977 0.989 1.000 
0.073 0.989 0.870 0.795 0.977 0.989 1.000 
0.118 0.986 0.852 0.785 0.977 0.989 1.000 
0.048 0.987 1.096 0.733 0.966 0.989 1.000 
0.098 0.983 0.916 0.759 0.954 0.989 1.000 
0.067 0.986 0.869 0.774 0.977 0.989 1.000 
0.081 0.989 0.971 0.785 0.977 0.989 1.000 
0.093 0.982 0.828 0.774 0.977 0.989 1.000 
0.107 0.981 0.905 0.774 0.977 0.989 1.000 
0.088 0.982 0.920 0.764 0.966 0.989 1.000 
0.068 0.985 0.947 0.764 0.966 0.989 1.000 
0.051 0.990 0.924 0.779 0.977 0.989 1.000 
0.062 0.978 1.008 0.774 0.977 0.989 1.000 
0.048 0.989 0.980 0.774 0.977 0.989 1.000 
0.081 0.989 0.923 0.779 0.977 0.989 1.000 
0.057 0.990 0.882 0.769 0.977 0.989 1.000 
0.074 0.989 0.887 0.795 0.977 0.989 1.000 
0.066 0.980 0.957 0.790 0.954 0.977 1.000 
0.056 0.989 0.911 0.790 0.977 0.989 1.000 
0.115 0.986 0.996 0.779 0.966 0.989 1.000 
0.076 0.986 0.963 0.779 0.977 0.989 1.000 
0.057 0.982 0.891 0.774 0.966 0.989 1.000 
0.092 0.986 0.928 0.779 0.977 0.989 1.000 
0.067 0.987 0.892 0.779 0.977 0.989 1.000 
0.073 0.982 1.001 0.744 0.966 0.989 1.000 
0.070 0.987 0.867 0.769 0.966 0.989 1.000 
0.047 0.987 0.942 0.785 0.977 0.989 1.000 
0.082 0.990 0.903 0.779 0.977 0.989 1.000 
0.057 0.986 0.898 0.774 0.966 0.989 1.000 
0.062 0.987 0.998 0.774 0.977 0.989 1.000 
0.080 0.980 0.907 0.774 0.977 0.989 1.000 
0.045 0.989 0.983 0.785 0.977 0.989 1.000 
0.050 0.987 0.915 0.785 0.977 0.989 1.000 
0.087 0.987 0.869 0.779 0.977 0.989 1.000 
0.083 0.989 0.956 0.759 0.977 0.989 1.000 
0.061 0.985 1.028 0.769 0.966 0.989 1.000 
0.063 0.989 0.964 0.790 0.977 0.989 1.000 
0.049 0.989 1.003 0.769 0.954 0.989 1.000 
0.055 0.982 0.967 0.785 0.977 0.989 1.000 
0.067 0.983 0.906 0.790 0.977 0.989 1.000 
0.060 0.981 0.864 0.785 0.977 0.989 1.000 
0.049 0.989 0.949 0.785 0.977 0.989 1.000 
0.053 0.983 0.978 0.785 0.977 0.989 1.000 
0.071 0.991 0.856 0.785 0.977 0.989 1.000 
0.070 0.990 0.856 0.769 0.977 0.989 1.000 
0.055 0.987 0.915 0.774 0.977 0.989 1.000 
0.047 0.991 0.896 0.785 0.977 0.989 1.000 
0.057 0.983 0.898 0.785 0.977 0.989 1.000 
0.058 0.987 0.966 0.774 0.920 0.977 1.000 
0.062 0.986 0.904 0.774 0.920 0.977 1.000 
0.076 0.983 1.058 0.744 0.897 0.977 1.000 
0.076 0.989 0.994 0.774 0.943 0.989 1.000 
0.076 0.990 0.888 0.774 0.977 0.989 1.000 
0.051 0.989 1.014 0.779 0.977 0.989 1.000 
0.046 0.990 0.943 0.779 0.977 0.989 1.000 
0.047 0.987 1.046 0.785 0.977 0.989 1.000 
0.073 0.987 0.911 0.769 0.977 0.989 1.000 
0.098 0.985 0.969 0.785 0.977 0.989 1.000 
0.098 0.978 0.993 0.744 0.966 0.989 1.000 
0.051 0.989 1.006 0.774 0.943 0.977 1.000 
0.083 0.981 0.880 0.774 0.966 0.989 1.000 
0.092 0.987 0.921 0.795 0.977 0.989 1.000 
0.069 0.987 0.818 0.779 0.977 0.989 1.000 
0.059 0.983 0.887 0.779 0.977 0.989 1.000 
0.086 0.981 1.017 0.764 0.885 0.977 1.000 
0.054 0.986 0.894 0.769 0.954 0.977 1.000 
0.121 0.981 0.939 0.779 0.977 0.989 1.000 
0.080 0.987 0.933 0.795 0.977 0.989 1.000 
0.070 0.985 0.875 0.795 0.977 0.989 1.000 
0.049 0.991 0.744 0.790 0.977 0.989 1.000 
