0.625 0.633 0.691 0.547 1.000 1.000 1.000 
0.579 0.673 0.692 0.547 1.000 1.000 1.000 
0.557 0.681 0.679 0.594 1.000 1.000 1.000 
0.550 0.727 0.701 0.523 1.000 1.000 1.000 
0.537 0.699 0.719 0.484 1.000 1.000 1.000 
0.513 0.743 0.670 0.586 1.000 0.977 1.000 
0.496 0.719 0.745 0.523 1.000 1.000 1.000 
0.505 0.750 1.091 0.523 1.000 1.000 1.000 
0.492 0.759 0.828 0.539 1.000 1.000 1.000 
0.502 0.752 1.160 0.547 1.000 1.000 1.000 
0.487 0.762 1.004 0.578 1.000 1.000 1.000 
0.478 0.764 0.752 0.531 1.000 1.000 1.000 
0.463 0.773 0.690 0.602 1.000 1.000 1.000 
0.486 0.755 0.891 0.578 1.000 1.000 1.000 
0.462 0.762 1.022 0.539 1.000 1.000 1.000 
0.505 0.780 1.093 0.547 1.000 1.000 1.000 
0.625 0.632 0.691 0.547 1.000 1.000 1.000 
0.580 0.670 0.693 0.547 1.000 1.000 1.000 
0.560 0.678 0.679 0.594 1.000 1.000 1.000 
0.549 0.708 0.701 0.523 1.000 1.000 1.000 
0.538 0.695 0.707 0.484 1.000 1.000 1.000 
0.511 0.746 0.665 0.594 1.000 1.000 1.000 
0.497 0.719 0.730 0.539 1.000 1.000 1.000 
0.512 0.742 0.904 0.523 1.000 1.000 1.000 
0.491 0.759 0.853 0.539 1.000 1.000 1.000 
0.505 0.742 1.194 0.547 1.000 1.000 1.000 
0.489 0.765 0.883 0.586 1.000 1.000 1.000 
0.483 0.762 0.806 0.539 1.000 1.000 1.000 
0.461 0.764 0.759 0.578 1.000 1.000 1.000 
0.484 0.755 0.807 0.578 1.000 1.000 1.000 
0.464 0.764 1.068 0.539 1.000 1.000 1.000 
0.515 0.769 1.011 0.547 1.000 1.000 1.000 
0.476 0.788 0.787 0.523 1.000 0.989 1.000 
0.460 0.771 1.229 0.562 1.000 1.000 1.000 
0.462 0.770 0.839 0.555 1.000 1.000 1.000 
0.467 0.774 0.989 0.555 1.000 1.000 1.000 
0.459 0.761 0.855 0.547 1.000 1.000 1.000 
0.447 0.778 0.636 0.633 1.000 0.989 1.000 
0.462 0.783 0.670 0.633 1.000 0.989 1.000 
0.466 0.796 0.660 0.594 1.000 0.989 1.000 
0.456 0.787 0.850 0.547 1.000 1.000 1.000 
0.528 0.774 1.057 0.555 1.000 1.000 1.000 
0.446 0.792 0.570 0.750 1.000 0.989 1.000 
0.435 0.796 0.916 0.570 1.000 1.000 1.000 
0.436 0.784 0.689 0.578 1.000 1.000 1.000 
0.436 0.788 0.798 0.609 1.000 1.000 1.000 
0.437 0.798 0.995 0.570 1.000 1.000 1.000 
0.440 0.791 0.618 0.680 1.000 1.000 1.000 
0.493 0.782 0.691 0.648 1.000 1.000 1.000 
0.442 0.775 0.649 0.641 1.000 0.989 1.000 
0.442 0.783 1.158 0.539 1.000 1.000 1.000 
0.460 0.797 0.751 0.586 0.989 0.989 0.977 
0.438 0.778 0.949 0.555 1.000 1.000 1.000 
0.441 0.815 1.041 0.531 1.000 1.000 1.000 
0.440 0.788 0.667 0.586 1.000 1.000 1.000 
0.432 0.806 0.999 0.555 1.000 1.000 1.000 
0.417 0.803 0.623 0.672 1.000 1.000 1.000 
0.415 0.816 0.566 0.688 1.000 1.000 1.000 
0.408 0.801 0.705 0.633 1.000 1.000 1.000 
0.426 0.780 0.974 0.586 1.000 1.000 1.000 
0.431 0.812 0.642 0.648 0.989 0.989 1.000 
0.387 0.817 0.726 0.648 1.000 1.000 1.000 
0.464 0.811 0.639 0.672 1.000 0.989 1.000 
0.416 0.826 0.539 0.734 1.000 0.989 1.000 
0.416 0.817 0.534 0.703 1.000 1.000 1.000 
0.400 0.810 0.675 0.594 1.000 1.000 1.000 
0.390 0.810 0.636 0.656 1.000 1.000 1.000 
0.392 0.816 1.030 0.570 1.000 1.000 1.000 
0.401 0.839 0.773 0.586 1.000 1.000 1.000 
0.360 0.830 0.837 0.617 1.000 1.000 1.000 
0.388 0.844 0.796 0.625 1.000 1.000 0.989 
0.407 0.779 1.125 0.578 1.000 1.000 1.000 
0.369 0.831 0.613 0.625 1.000 1.000 1.000 
0.380 0.808 0.654 0.664 1.000 1.000 1.000 
0.389 0.822 0.647 0.664 1.000 1.000 1.000 
0.362 0.837 0.701 0.641 1.000 1.000 1.000 
0.384 0.837 0.555 0.680 1.000 1.000 1.000 
0.427 0.835 0.639 0.664 1.000 1.000 1.000 
0.374 0.828 0.742 0.664 0.989 0.977 0.989 
0.624 0.633 0.691 0.547 1.000 1.000 1.000 
0.578 0.670 0.694 0.547 1.000 1.000 1.000 
0.556 0.681 0.679 0.594 1.000 1.000 1.000 
0.547 0.714 0.700 0.523 1.000 1.000 1.000 
0.536 0.701 0.707 0.484 1.000 1.000 1.000 
0.515 0.736 0.665 0.594 0.977 1.000 1.000 
0.496 0.719 0.756 0.531 1.000 1.000 1.000 
0.507 0.748 1.125 0.523 1.000 1.000 1.000 
0.490 0.769 0.751 0.562 1.000 1.000 1.000 
0.498 0.757 1.175 0.547 1.000 1.000 1.000 
0.489 0.760 0.948 0.578 1.000 1.000 1.000 
0.486 0.756 0.734 0.539 1.000 1.000 1.000 
0.457 0.770 0.672 0.617 1.000 1.000 1.000 
0.477 0.762 0.858 0.578 1.000 1.000 1.000 
0.458 0.760 1.038 0.547 1.000 1.000 1.000 
0.521 0.764 1.357 0.539 1.000 1.000 1.000 
0.481 0.785 1.172 0.523 1.000 1.000 1.000 
0.463 0.762 1.293 0.562 1.000 1.000 1.000 
0.454 0.775 0.927 0.516 1.000 1.000 1.000 
0.463 0.775 1.106 0.562 1.000 1.000 1.000 
0.463 0.760 0.999 0.555 1.000 1.000 1.000 
0.446 0.777 0.687 0.602 0.989 1.000 1.000 
0.458 0.778 0.670 0.633 0.989 1.000 1.000 
0.480 0.791 0.674 0.602 0.989 1.000 1.000 
0.459 0.780 0.975 0.555 1.000 1.000 1.000 
0.511 0.774 1.339 0.539 1.000 1.000 1.000 
0.442 0.807 0.578 0.688 0.989 1.000 1.000 
0.434 0.803 0.917 0.570 1.000 1.000 1.000 
0.434 0.792 0.889 0.547 1.000 1.000 1.000 
0.439 0.788 0.958 0.609 1.000 1.000 1.000 
0.435 0.798 1.103 0.570 1.000 1.000 1.000 
0.434 0.799 0.857 0.586 1.000 1.000 1.000 
0.481 0.780 0.698 0.586 0.989 1.000 1.000 
0.445 0.777 0.674 0.648 0.782 0.908 1.000 
0.447 0.779 1.284 0.531 1.000 1.000 1.000 
0.481 0.791 0.618 0.664 0.977 1.000 1.000 
0.444 0.770 0.884 0.562 1.000 1.000 1.000 
0.443 0.811 0.984 0.531 1.000 1.000 1.000 
0.437 0.797 0.671 0.578 1.000 1.000 1.000 
0.433 0.794 1.039 0.547 1.000 1.000 1.000 
0.415 0.807 1.087 0.578 1.000 1.000 1.000 
0.404 0.817 0.683 0.625 1.000 1.000 1.000 
0.410 0.806 0.894 0.555 1.000 1.000 1.000 
0.427 0.778 1.274 0.586 1.000 1.000 1.000 
0.444 0.794 0.802 0.602 1.000 1.000 1.000 
0.394 0.806 0.661 0.641 1.000 1.000 1.000 
0.468 0.808 0.673 0.664 0.989 1.000 1.000 
0.429 0.826 0.729 0.586 1.000 1.000 1.000 
0.417 0.814 0.905 0.578 1.000 1.000 1.000 
0.402 0.812 0.985 0.555 1.000 1.000 1.000 
0.398 0.817 0.841 0.594 1.000 1.000 1.000 
0.401 0.815 1.001 0.586 1.000 1.000 1.000 
0.400 0.840 1.123 0.570 1.000 1.000 1.000 
0.367 0.835 0.933 0.594 1.000 1.000 1.000 
0.394 0.843 0.736 0.633 1.000 1.000 1.000 
0.413 0.782 1.049 0.594 1.000 1.000 1.000 
0.377 0.826 0.923 0.586 1.000 1.000 1.000 
0.389 0.810 1.097 0.547 1.000 1.000 1.000 
0.387 0.826 0.626 0.680 0.989 1.000 1.000 
0.363 0.840 1.016 0.586 1.000 1.000 1.000 
0.370 0.843 0.708 0.641 1.000 1.000 1.000 
0.423 0.824 0.737 0.633 1.000 1.000 1.000 
0.384 0.814 0.778 0.633 0.931 0.977 1.000 
0.383 0.820 1.243 0.570 1.000 1.000 1.000 
0.384 0.828 1.230 0.500 1.000 1.000 1.000 
0.373 0.839 1.035 0.570 1.000 1.000 1.000 
0.379 0.815 0.870 0.609 1.000 1.000 1.000 
0.382 0.821 0.594 0.711 0.989 1.000 1.000 
0.410 0.819 0.980 0.633 1.000 1.000 1.000 
0.385 0.816 1.287 0.602 1.000 1.000 1.000 
0.395 0.845 0.808 0.641 1.000 1.000 1.000 
0.408 0.821 0.566 0.742 0.989 1.000 1.000 
0.342 0.842 0.648 0.656 0.989 1.000 1.000 
0.333 0.838 0.538 0.742 0.989 1.000 1.000 
0.352 0.857 0.685 0.656 0.977 0.989 1.000 
0.357 0.830 0.605 0.703 0.989 1.000 1.000 
0.445 0.845 0.825 0.594 1.000 1.000 1.000 
0.384 0.816 0.883 0.531 1.000 1.000 1.000 
0.377 0.812 0.818 0.625 1.000 1.000 1.000 
0.358 0.833 0.509 0.773 0.989 1.000 1.000 
0.315 0.863 0.950 0.609 1.000 1.000 1.000 
0.330 0.862 0.816 0.633 1.000 1.000 1.000 
0.327 0.867 0.732 0.664 0.908 0.931 1.000 
0.369 0.843 1.604 0.547 1.000 1.000 1.000 
0.312 0.868 0.717 0.656 1.000 1.000 1.000 
0.349 0.851 0.572 0.727 1.000 1.000 1.000 
0.320 0.844 0.605 0.703 0.977 0.977 1.000 
0.326 0.866 0.645 0.672 1.000 1.000 1.000 
0.341 0.826 0.544 0.703 0.989 0.989 1.000 
0.309 0.868 0.565 0.734 0.989 1.000 1.000 
0.334 0.851 0.856 0.609 1.000 1.000 1.000 
0.320 0.858 0.555 0.695 1.000 1.000 1.000 
0.313 0.865 0.897 0.602 1.000 1.000 1.000 
0.304 0.879 0.724 0.664 1.000 1.000 1.000 
0.313 0.876 0.539 0.750 0.989 1.000 1.000 
0.320 0.858 0.663 0.641 0.989 1.000 1.000 
0.314 0.863 0.953 0.625 1.000 1.000 1.000 
0.282 0.883 0.689 0.688 1.000 1.000 1.000 
0.324 0.871 0.575 0.719 0.989 0.989 1.000 
0.323 0.866 0.969 0.633 1.000 1.000 1.000 
0.313 0.879 0.589 0.750 0.931 0.920 1.000 
0.322 0.858 0.833 0.633 1.000 1.000 1.000 
0.289 0.889 0.746 0.648 1.000 1.000 1.000 
0.307 0.880 0.663 0.719 1.000 1.000 1.000 
0.315 0.872 0.502 0.734 0.828 0.920 1.000 
0.278 0.876 0.660 0.680 1.000 1.000 1.000 
0.281 0.886 0.499 0.789 0.989 1.000 1.000 
0.300 0.874 0.941 0.602 1.000 1.000 1.000 
0.305 0.867 0.596 0.680 1.000 1.000 1.000 
0.325 0.871 1.251 0.570 1.000 1.000 1.000 
0.304 0.867 0.524 0.766 0.989 1.000 1.000 
0.319 0.843 0.725 0.703 1.000 1.000 1.000 
0.319 0.877 0.555 0.758 1.000 1.000 1.000 
0.302 0.880 0.558 0.758 0.977 0.989 1.000 
0.318 0.870 0.801 0.672 1.000 1.000 1.000 
0.369 0.844 0.731 0.633 1.000 1.000 1.000 
0.278 0.897 0.692 0.664 1.000 1.000 1.000 
0.253 0.888 0.672 0.688 1.000 1.000 1.000 
0.268 0.900 0.506 0.797 1.000 1.000 1.000 
0.290 0.877 0.868 0.602 0.920 0.920 0.989 
0.246 0.899 0.542 0.758 0.989 1.000 1.000 
0.293 0.897 0.549 0.742 0.977 1.000 1.000 
0.332 0.861 1.114 0.594 1.000 1.000 1.000 
0.247 0.889 1.014 0.609 1.000 1.000 1.000 
0.305 0.895 0.769 0.648 1.000 1.000 1.000 
0.272 0.884 0.567 0.719 1.000 1.000 1.000 
0.257 0.893 0.520 0.750 0.989 1.000 1.000 
0.247 0.889 0.672 0.656 1.000 1.000 1.000 
0.246 0.889 0.693 0.656 0.989 0.966 1.000 
0.241 0.893 0.994 0.609 1.000 1.000 1.000 
0.268 0.890 0.564 0.766 0.977 0.966 1.000 
0.258 0.883 1.419 0.602 1.000 1.000 1.000 
0.258 0.902 0.608 0.711 0.989 1.000 1.000 
0.247 0.900 0.474 0.789 0.989 1.000 1.000 
0.244 0.903 0.491 0.773 0.989 1.000 1.000 
0.247 0.893 0.677 0.719 0.989 1.000 1.000 
0.252 0.899 0.536 0.781 1.000 1.000 1.000 
0.269 0.885 1.028 0.586 1.000 1.000 1.000 
0.278 0.898 1.077 0.609 1.000 1.000 1.000 
0.303 0.883 0.593 0.773 0.989 1.000 1.000 
0.253 0.903 0.801 0.609 1.000 1.000 1.000 
0.257 0.905 0.627 0.719 0.989 1.000 1.000 
0.278 0.894 0.461 0.805 0.989 1.000 1.000 
0.259 0.889 1.024 0.672 1.000 1.000 1.000 
0.249 0.894 0.632 0.711 0.989 0.931 1.000 
0.347 0.880 0.823 0.680 1.000 1.000 1.000 
0.307 0.854 0.775 0.680 0.690 0.782 0.897 
0.236 0.914 1.126 0.602 1.000 1.000 1.000 
0.244 0.895 1.110 0.602 1.000 1.000 1.000 
0.227 0.902 0.600 0.711 0.989 0.977 1.000 
0.200 0.922 0.560 0.734 0.989 0.989 1.000 
0.214 0.916 0.566 0.766 0.989 0.989 1.000 
0.223 0.911 0.890 0.633 1.000 1.000 1.000 
0.275 0.895 0.572 0.758 0.989 0.977 1.000 
0.268 0.875 1.052 0.602 1.000 1.000 1.000 
0.256 0.891 0.418 0.805 0.989 1.000 1.000 
0.235 0.903 0.598 0.727 0.989 1.000 1.000 
0.249 0.898 0.995 0.617 1.000 1.000 1.000 
0.231 0.900 0.953 0.578 1.000 1.000 1.000 
0.257 0.907 0.653 0.719 0.989 1.000 1.000 
0.268 0.899 0.586 0.750 0.977 0.954 0.989 
0.337 0.865 1.217 0.609 0.989 1.000 1.000 
0.231 0.904 1.535 0.586 1.000 1.000 1.000 
0.211 0.918 0.531 0.781 0.989 1.000 1.000 
0.216 0.905 0.552 0.734 0.989 1.000 1.000 
0.240 0.904 0.581 0.750 0.977 0.989 1.000 
0.222 0.903 0.572 0.773 0.977 1.000 1.000 
0.249 0.907 0.542 0.781 1.000 1.000 1.000 
0.222 0.904 0.601 0.711 0.989 1.000 1.000 
0.238 0.917 0.564 0.773 0.989 1.000 1.000 
0.219 0.900 1.391 0.602 1.000 1.000 1.000 
0.215 0.918 0.538 0.805 0.989 1.000 1.000 
0.266 0.897 1.272 0.562 1.000 1.000 1.000 
0.263 0.897 0.472 0.820 1.000 1.000 1.000 
0.234 0.913 0.704 0.727 1.000 1.000 1.000 
0.202 0.909 0.997 0.609 1.000 1.000 1.000 
0.243 0.902 0.578 0.734 0.989 0.989 1.000 
0.251 0.889 0.530 0.781 0.931 0.966 1.000 
0.216 0.914 1.397 0.617 1.000 1.000 1.000 
0.242 0.908 1.092 0.594 0.989 1.000 1.000 
0.244 0.898 0.607 0.742 0.989 1.000 1.000 
0.244 0.898 1.088 0.656 1.000 1.000 1.000 
0.218 0.900 0.956 0.656 1.000 1.000 1.000 
0.231 0.903 0.596 0.758 0.943 0.954 1.000 
0.245 0.905 0.713 0.680 0.989 1.000 1.000 
0.205 0.907 0.497 0.828 0.977 1.000 1.000 
0.237 0.899 1.387 0.586 1.000 1.000 1.000 
0.202 0.911 0.613 0.742 0.989 1.000 1.000 
0.212 0.918 0.592 0.766 1.000 1.000 1.000 
0.201 0.916 0.543 0.773 0.989 1.000 1.000 
0.228 0.920 0.599 0.750 0.989 1.000 1.000 
0.286 0.889 0.695 0.719 0.989 1.000 1.000 
0.276 0.894 1.924 0.594 1.000 1.000 1.000 
0.223 0.900 0.495 0.805 0.989 1.000 1.000 
0.187 0.925 0.733 0.711 1.000 1.000 1.000 
0.191 0.922 0.640 0.789 0.989 1.000 1.000 
0.219 0.918 0.734 0.750 0.989 1.000 1.000 
0.238 0.904 0.620 0.734 0.989 1.000 1.000 
0.226 0.921 0.783 0.656 1.000 1.000 1.000 
0.228 0.903 0.750 0.719 0.885 0.908 1.000 
0.203 0.909 0.804 0.695 0.989 1.000 1.000 
0.190 0.916 0.500 0.805 0.989 1.000 1.000 
0.180 0.932 0.589 0.766 0.989 1.000 1.000 
0.187 0.930 0.560 0.781 0.989 1.000 1.000 
0.186 0.932 0.742 0.719 1.000 1.000 1.000 
0.222 0.911 0.545 0.758 0.989 1.000 1.000 
0.174 0.932 0.572 0.750 0.989 1.000 1.000 
0.202 0.925 0.599 0.750 0.989 1.000 1.000 
0.232 0.916 0.648 0.773 0.989 1.000 1.000 
0.239 0.908 0.775 0.656 0.989 1.000 1.000 
0.253 0.899 0.637 0.742 1.000 1.000 1.000 
0.302 0.897 1.121 0.680 1.000 1.000 1.000 
0.217 0.907 1.629 0.609 1.000 1.000 1.000 
0.195 0.932 0.595 0.766 0.931 0.977 1.000 
0.216 0.921 0.645 0.711 0.989 1.000 1.000 
0.230 0.926 0.659 0.711 0.989 1.000 1.000 
0.213 0.912 0.726 0.734 0.989 1.000 1.000 
0.207 0.914 0.553 0.766 0.977 1.000 1.000 
0.230 0.913 0.595 0.781 0.989 1.000 1.000 
0.191 0.939 0.545 0.773 0.989 1.000 1.000 
0.246 0.909 1.046 0.656 1.000 1.000 1.000 
0.217 0.905 0.742 0.727 0.989 1.000 1.000 
0.224 0.907 0.602 0.750 0.989 1.000 1.000 
0.187 0.912 0.553 0.758 0.989 1.000 1.000 
0.171 0.935 0.892 0.672 1.000 1.000 1.000 
0.164 0.936 0.561 0.781 0.989 0.989 1.000 
0.168 0.931 1.023 0.656 0.989 1.000 1.000 
0.153 0.937 0.728 0.680 0.989 1.000 1.000 
0.139 0.949 0.681 0.727 0.989 1.000 1.000 
0.160 0.943 0.539 0.797 0.989 1.000 1.000 
0.165 0.932 0.704 0.750 0.954 0.989 1.000 
0.184 0.936 0.543 0.797 0.897 0.920 1.000 
0.257 0.893 1.453 0.609 1.000 1.000 1.000 
0.223 0.931 0.844 0.648 0.989 1.000 1.000 
0.177 0.934 0.882 0.664 1.000 1.000 1.000 
0.191 0.930 0.579 0.766 0.989 1.000 1.000 
0.168 0.939 0.526 0.820 0.977 1.000 1.000 
0.159 0.939 0.544 0.797 0.989 1.000 1.000 
0.217 0.939 0.616 0.797 0.989 1.000 1.000 
0.208 0.920 0.605 0.742 0.989 1.000 1.000 
0.242 0.923 0.585 0.773 0.989 1.000 1.000 
0.230 0.918 0.785 0.648 0.989 1.000 1.000 
0.191 0.925 1.069 0.602 1.000 1.000 1.000 
0.206 0.940 0.892 0.703 0.989 1.000 1.000 
0.182 0.927 1.329 0.633 1.000 1.000 1.000 
0.179 0.937 0.615 0.781 0.989 1.000 1.000 
0.181 0.941 0.687 0.680 0.989 1.000 1.000 
0.183 0.928 0.467 0.797 0.989 0.989 1.000 
0.182 0.927 0.710 0.727 0.943 0.989 1.000 
0.160 0.934 0.683 0.711 0.989 1.000 1.000 
0.169 0.932 0.635 0.750 0.989 1.000 1.000 
0.155 0.931 0.755 0.719 1.000 1.000 1.000 
0.155 0.936 0.924 0.695 0.989 0.989 1.000 
0.206 0.927 0.673 0.758 0.989 1.000 1.000 
0.184 0.922 0.548 0.805 0.954 0.989 1.000 
0.163 0.941 0.742 0.727 0.977 1.000 1.000 
0.148 0.934 0.793 0.734 0.989 1.000 1.000 
0.155 0.940 0.550 0.781 0.989 1.000 1.000 
0.150 0.944 0.576 0.789 0.977 1.000 1.000 
0.155 0.940 0.752 0.695 0.989 1.000 1.000 
0.170 0.943 0.638 0.758 0.989 1.000 1.000 
0.189 0.937 0.882 0.703 1.000 1.000 1.000 
0.210 0.922 1.886 0.609 1.000 1.000 1.000 
0.234 0.899 0.634 0.758 0.805 0.885 1.000 
0.223 0.900 0.588 0.727 0.989 1.000 1.000 
0.192 0.927 0.602 0.758 1.000 1.000 1.000 
0.177 0.927 0.745 0.742 0.989 1.000 1.000 
0.148 0.948 0.931 0.680 1.000 1.000 1.000 
0.216 0.950 0.632 0.797 0.977 1.000 1.000 
0.194 0.931 0.886 0.617 0.989 1.000 1.000 
0.163 0.931 0.643 0.797 0.989 1.000 1.000 
0.164 0.943 0.934 0.734 1.000 1.000 1.000 
0.157 0.937 0.662 0.766 0.989 1.000 1.000 
0.144 0.945 0.586 0.750 0.977 1.000 1.000 
0.140 0.948 0.604 0.766 0.977 1.000 1.000 
0.142 0.944 0.787 0.781 0.989 1.000 1.000 
0.136 0.950 0.732 0.734 0.989 1.000 1.000 
0.156 0.935 1.091 0.672 1.000 1.000 1.000 
0.143 0.943 0.596 0.797 0.989 1.000 1.000 
0.141 0.941 0.570 0.789 0.989 1.000 1.000 
0.134 0.954 0.609 0.789 0.989 1.000 1.000 
0.136 0.944 0.655 0.773 0.989 1.000 1.000 
0.148 0.946 0.737 0.727 0.989 1.000 1.000 
0.154 0.937 0.848 0.719 0.989 1.000 1.000 
0.176 0.939 0.955 0.719 0.989 1.000 1.000 
0.173 0.941 0.583 0.773 0.920 0.966 1.000 
0.180 0.927 1.612 0.609 1.000 1.000 1.000 
0.155 0.943 0.964 0.672 0.989 1.000 1.000 
0.153 0.946 0.559 0.812 0.977 1.000 1.000 
0.156 0.935 0.638 0.766 0.989 1.000 1.000 
0.132 0.949 0.653 0.758 0.954 0.977 1.000 
0.141 0.943 1.045 0.695 1.000 1.000 1.000 
0.136 0.943 0.948 0.656 0.966 0.989 1.000 
0.153 0.937 0.604 0.789 0.989 1.000 1.000 
0.157 0.950 0.807 0.656 0.989 1.000 1.000 
0.176 0.955 0.589 0.781 0.989 1.000 1.000 
0.178 0.934 1.732 0.602 1.000 1.000 1.000 
0.168 0.936 0.762 0.789 0.989 0.977 1.000 
0.209 0.931 0.991 0.711 0.989 1.000 1.000 
0.131 0.943 0.704 0.750 0.989 1.000 1.000 
0.115 0.964 0.668 0.758 0.977 1.000 1.000 
0.192 0.945 0.702 0.781 0.989 1.000 1.000 
0.169 0.931 0.619 0.766 0.966 1.000 1.000 
0.137 0.946 0.656 0.758 0.989 1.000 1.000 
0.148 0.951 0.581 0.773 0.989 1.000 1.000 
0.153 0.944 0.570 0.797 0.989 1.000 1.000 
0.129 0.951 0.795 0.711 0.989 0.989 1.000 
0.208 0.950 0.685 0.805 0.828 0.897 1.000 
0.159 0.939 0.628 0.711 0.989 1.000 1.000 
0.120 0.962 0.720 0.750 1.000 1.000 1.000 
0.121 0.953 0.872 0.719 0.989 1.000 1.000 
0.130 0.950 0.634 0.797 0.989 1.000 1.000 
0.132 0.950 0.747 0.719 0.989 0.989 1.000 
0.164 0.954 0.611 0.773 0.954 0.989 1.000 
0.171 0.939 0.759 0.766 0.989 1.000 1.000 
0.135 0.946 0.806 0.734 0.989 1.000 1.000 
0.121 0.953 0.540 0.758 0.966 1.000 1.000 
0.144 0.958 0.726 0.781 0.989 1.000 1.000 
0.143 0.953 0.579 0.781 0.989 1.000 1.000 
0.140 0.950 0.551 0.805 0.989 1.000 1.000 
0.156 0.948 0.580 0.750 0.989 1.000 1.000 
0.140 0.948 0.768 0.758 0.977 1.000 1.000 
0.124 0.960 0.583 0.773 0.977 0.989 1.000 
0.207 0.951 0.544 0.781 0.977 1.000 1.000 
0.147 0.941 0.946 0.727 1.000 1.000 1.000 
0.140 0.949 0.715 0.719 0.977 1.000 1.000 
0.181 0.940 0.684 0.789 0.931 0.989 1.000 
0.136 0.954 0.438 0.836 0.966 1.000 1.000 
0.129 0.954 0.627 0.750 0.966 1.000 1.000 
0.121 0.949 0.567 0.805 0.977 1.000 1.000 
0.099 0.972 0.820 0.727 0.977 1.000 1.000 
0.112 0.971 0.600 0.742 0.989 1.000 1.000 
0.115 0.954 0.919 0.734 0.989 1.000 1.000 
0.116 0.958 0.867 0.742 0.989 1.000 1.000 
0.147 0.958 0.652 0.797 0.931 0.989 1.000 
0.143 0.946 1.076 0.711 0.989 1.000 1.000 
0.149 0.943 0.649 0.773 0.954 1.000 1.000 
0.133 0.943 0.633 0.719 0.989 1.000 1.000 
0.140 0.946 0.574 0.750 0.989 1.000 1.000 
0.148 0.945 0.686 0.727 0.989 1.000 1.000 
0.149 0.939 0.678 0.789 0.977 1.000 1.000 
0.124 0.955 0.782 0.742 0.989 1.000 1.000 
0.105 0.963 0.568 0.773 0.977 1.000 1.000 
0.120 0.963 0.590 0.766 0.977 1.000 1.000 
0.140 0.948 0.789 0.758 0.943 0.977 1.000 
0.169 0.943 0.718 0.750 0.977 1.000 1.000 
0.149 0.939 0.683 0.758 0.977 1.000 1.000 
0.123 0.958 0.830 0.727 0.989 1.000 1.000 
0.103 0.971 1.104 0.664 0.989 1.000 1.000 
0.179 0.951 1.039 0.695 0.989 1.000 1.000 
0.172 0.937 0.839 0.781 0.747 0.862 1.000 
0.148 0.941 0.775 0.758 0.989 1.000 1.000 
0.121 0.953 0.782 0.766 0.989 1.000 1.000 
0.108 0.962 0.806 0.742 0.989 1.000 1.000 
0.110 0.960 0.805 0.742 0.989 1.000 1.000 
0.119 0.962 0.618 0.789 0.989 1.000 1.000 
0.118 0.967 0.794 0.750 0.977 0.977 1.000 
0.109 0.958 0.759 0.789 0.989 1.000 1.000 
0.106 0.967 0.799 0.750 0.989 1.000 1.000 
0.117 0.968 0.892 0.742 0.989 1.000 1.000 
0.120 0.957 0.788 0.727 1.000 1.000 1.000 
0.115 0.960 0.582 0.773 0.989 1.000 1.000 
0.100 0.963 0.757 0.781 0.977 1.000 1.000 
0.137 0.964 0.690 0.781 0.977 1.000 1.000 
0.108 0.959 0.686 0.734 0.977 0.989 1.000 
0.092 0.971 0.651 0.766 0.977 1.000 1.000 
0.093 0.967 0.678 0.797 0.977 1.000 1.000 
0.097 0.964 0.849 0.727 0.989 1.000 1.000 
0.108 0.964 0.713 0.750 0.977 1.000 1.000 
0.105 0.957 0.834 0.734 0.966 0.989 1.000 
0.128 0.955 0.599 0.734 0.977 0.989 1.000 
0.142 0.967 0.788 0.742 0.977 0.989 1.000 
0.103 0.963 0.792 0.719 0.977 0.989 1.000 
0.108 0.962 0.871 0.750 0.989 1.000 1.000 
0.132 0.966 0.677 0.727 0.989 1.000 1.000 
0.118 0.958 0.689 0.766 0.977 1.000 1.000 
0.107 0.958 0.848 0.742 0.989 1.000 1.000 
0.120 0.963 0.640 0.805 0.977 1.000 1.000 
0.147 0.940 1.103 0.734 1.000 1.000 1.000 
0.115 0.955 0.720 0.781 0.954 0.977 1.000 
0.126 0.958 0.751 0.734 0.977 0.989 1.000 
0.111 0.966 0.817 0.711 0.989 1.000 1.000 
0.111 0.964 0.887 0.703 0.989 1.000 1.000 
0.125 0.963 0.719 0.750 0.977 1.000 1.000 
0.122 0.951 0.852 0.750 0.989 1.000 1.000 
0.100 0.967 1.001 0.711 0.989 1.000 1.000 
0.086 0.967 0.733 0.750 0.977 1.000 1.000 
0.116 0.966 0.829 0.727 0.977 0.989 1.000 
0.162 0.951 0.973 0.758 1.000 1.000 1.000 
0.123 0.955 1.134 0.641 1.000 1.000 1.000 
0.097 0.967 0.729 0.742 0.977 1.000 1.000 
0.124 0.959 0.628 0.742 0.977 1.000 1.000 
0.113 0.958 0.628 0.750 0.977 1.000 1.000 
0.110 0.960 0.706 0.750 0.977 0.989 1.000 
0.163 0.946 0.700 0.773 0.977 1.000 1.000 
0.218 0.925 0.817 0.758 0.989 1.000 1.000 
0.128 0.940 1.535 0.609 0.989 1.000 1.000 
0.095 0.966 0.630 0.781 0.954 0.977 1.000 
0.147 0.963 1.230 0.656 0.977 1.000 1.000 
0.279 0.935 1.999 0.648 1.000 1.000 1.000 
0.120 0.953 0.700 0.766 0.977 1.000 1.000 
0.104 0.964 0.923 0.727 0.977 1.000 1.000 
0.090 0.971 0.667 0.758 0.977 1.000 1.000 
0.122 0.967 0.750 0.758 0.908 0.966 1.000 
0.104 0.949 0.771 0.750 0.954 0.954 1.000 
0.087 0.971 0.800 0.766 0.989 1.000 1.000 
0.084 0.967 0.769 0.758 0.977 1.000 1.000 
0.147 0.971 0.967 0.703 0.977 1.000 1.000 
0.148 0.949 1.067 0.711 0.989 1.000 1.000 
0.107 0.959 0.758 0.750 0.977 1.000 1.000 
0.094 0.964 0.671 0.758 0.977 0.989 1.000 
0.085 0.973 0.818 0.766 0.989 1.000 1.000 
0.080 0.974 0.698 0.734 0.977 1.000 1.000 
0.080 0.977 0.759 0.758 0.977 1.000 1.000 
0.099 0.976 0.869 0.750 0.977 1.000 1.000 
0.091 0.957 0.801 0.734 0.977 1.000 1.000 
0.091 0.972 0.882 0.773 0.989 1.000 1.000 
0.093 0.978 0.648 0.789 0.989 1.000 1.000 
0.101 0.966 0.796 0.766 0.977 1.000 1.000 
0.077 0.974 0.657 0.773 0.977 0.989 1.000 
0.082 0.976 0.740 0.695 0.977 1.000 1.000 
0.076 0.977 0.783 0.773 0.977 1.000 1.000 
0.111 0.971 0.831 0.758 0.977 1.000 1.000 
0.105 0.978 0.957 0.734 0.977 1.000 1.000 
0.129 0.968 0.656 0.758 0.977 1.000 1.000 
0.111 0.962 0.932 0.695 0.977 1.000 1.000 
0.097 0.972 0.908 0.766 0.989 1.000 1.000 
0.082 0.976 1.326 0.664 1.000 1.000 1.000 
0.109 0.974 0.825 0.734 0.977 1.000 1.000 
0.135 0.968 0.671 0.781 0.977 1.000 1.000 
0.127 0.954 0.985 0.688 0.977 0.977 1.000 
0.091 0.971 0.791 0.727 0.966 0.989 1.000 
0.095 0.977 0.559 0.750 0.977 1.000 1.000 
0.086 0.976 0.759 0.750 0.966 1.000 1.000 
0.107 0.967 1.381 0.656 1.000 1.000 1.000 
0.095 0.971 0.658 0.766 0.977 1.000 1.000 
0.148 0.967 0.581 0.797 0.977 0.977 1.000 
0.108 0.971 0.894 0.719 0.954 0.954 1.000 
0.094 0.971 0.866 0.789 0.977 1.000 1.000 
0.076 0.977 1.418 0.688 1.000 1.000 1.000 
0.082 0.977 0.661 0.766 0.977 1.000 1.000 
0.092 0.973 0.667 0.766 0.977 1.000 1.000 
0.088 0.972 1.191 0.734 0.989 1.000 1.000 
0.081 0.976 0.803 0.719 0.954 0.989 1.000 
0.085 0.978 0.870 0.758 0.920 0.966 1.000 
0.090 0.974 0.780 0.750 0.977 1.000 1.000 
0.076 0.972 0.851 0.758 0.977 1.000 1.000 
0.123 0.969 0.711 0.758 0.862 0.966 1.000 
0.167 0.944 0.739 0.750 0.977 0.989 1.000 
0.114 0.964 0.977 0.742 0.989 1.000 1.000 
0.094 0.980 0.782 0.727 0.977 1.000 1.000 
0.094 0.968 0.977 0.758 0.977 0.989 1.000 
0.099 0.980 1.726 0.625 0.989 1.000 1.000 
0.190 0.960 1.030 0.688 0.989 1.000 1.000 
0.232 0.913 0.729 0.789 0.989 1.000 1.000 
0.265 0.920 0.674 0.797 0.977 0.989 1.000 
0.153 0.941 1.376 0.664 1.000 1.000 1.000 
0.084 0.976 0.764 0.750 0.989 1.000 1.000 
0.087 0.976 0.789 0.734 0.966 0.977 1.000 
0.083 0.974 0.624 0.797 0.989 0.989 1.000 
0.082 0.978 0.934 0.742 0.977 1.000 1.000 
0.080 0.980 0.866 0.758 0.977 1.000 1.000 
0.073 0.981 0.492 0.820 0.977 0.989 1.000 
0.066 0.980 0.651 0.758 0.977 1.000 1.000 
0.066 0.986 0.800 0.742 0.977 1.000 1.000 
0.072 0.977 0.719 0.734 0.977 1.000 1.000 
0.072 0.976 0.687 0.789 0.977 1.000 1.000 
0.084 0.981 0.584 0.773 0.977 1.000 1.000 
0.076 0.980 0.800 0.773 0.977 1.000 1.000 
0.084 0.977 0.756 0.766 0.977 1.000 1.000 
0.091 0.971 0.899 0.742 0.977 1.000 1.000 
0.101 0.974 0.690 0.727 0.977 1.000 1.000 
0.089 0.953 0.657 0.766 0.977 0.977 1.000 
0.066 0.978 0.879 0.773 0.989 1.000 1.000 
0.072 0.982 0.836 0.758 0.977 1.000 1.000 
0.066 0.982 0.973 0.758 0.989 1.000 1.000 
0.128 0.978 0.965 0.766 0.989 1.000 1.000 
0.107 0.972 0.823 0.750 0.989 1.000 1.000 
0.094 0.971 0.852 0.750 0.977 0.989 1.000 
0.078 0.981 0.752 0.758 0.977 0.977 1.000 
0.084 0.973 0.830 0.734 0.977 0.989 1.000 
0.071 0.974 0.867 0.766 0.966 0.977 1.000 
0.068 0.985 0.857 0.758 0.977 1.000 1.000 
0.136 0.977 0.960 0.766 0.989 1.000 1.000 
0.084 0.981 0.940 0.688 0.977 1.000 1.000 
0.075 0.981 0.959 0.695 0.977 1.000 1.000 
0.086 0.969 1.104 0.719 0.977 1.000 1.000 
0.102 0.973 0.819 0.719 0.977 1.000 1.000 
0.081 0.977 0.652 0.773 0.977 1.000 1.000 
0.077 0.974 0.848 0.781 0.977 1.000 1.000 
0.092 0.978 0.753 0.781 0.977 1.000 1.000 
0.073 0.981 0.875 0.758 0.977 0.989 1.000 
0.088 0.978 1.216 0.680 0.977 1.000 1.000 
0.104 0.966 1.166 0.711 1.000 1.000 1.000 
0.092 0.966 0.717 0.781 0.977 1.000 1.000 
0.120 0.974 0.727 0.789 0.977 0.977 1.000 
0.156 0.953 0.702 0.766 0.966 1.000 1.000 
0.098 0.964 0.654 0.766 0.977 1.000 1.000 
0.149 0.982 0.905 0.703 0.977 1.000 1.000 
0.099 0.957 1.046 0.711 0.989 1.000 1.000 
0.074 0.980 0.684 0.742 0.977 1.000 1.000 
0.089 0.980 0.534 0.766 0.977 1.000 1.000 
0.095 0.981 0.708 0.797 0.977 1.000 1.000 
0.084 0.972 0.979 0.766 0.977 1.000 1.000 
0.080 0.980 0.816 0.719 0.977 1.000 1.000 
0.092 0.981 0.583 0.773 0.977 1.000 1.000 
0.082 0.987 0.724 0.797 0.977 1.000 1.000 
0.079 0.981 0.724 0.758 0.977 1.000 1.000 
0.071 0.983 0.759 0.773 0.977 1.000 1.000 
0.068 0.986 0.737 0.812 0.977 1.000 1.000 
0.061 0.981 0.795 0.766 0.977 1.000 1.000 
0.096 0.982 1.095 0.750 0.977 1.000 1.000 
0.121 0.980 0.778 0.727 0.977 1.000 1.000 
0.075 0.978 0.623 0.766 0.851 0.966 1.000 
0.080 0.985 0.857 0.750 0.989 1.000 1.000 
0.078 0.983 0.764 0.820 0.977 1.000 1.000 
0.067 0.983 0.739 0.766 0.977 0.989 1.000 
0.074 0.983 1.180 0.719 0.977 1.000 1.000 
0.074 0.977 0.927 0.734 0.977 1.000 1.000 
0.074 0.977 0.872 0.758 0.943 0.989 1.000 
0.071 0.983 0.589 0.828 0.954 0.989 1.000 
0.082 0.983 0.983 0.750 0.989 1.000 1.000 
0.088 0.983 0.805 0.734 0.977 1.000 1.000 
0.087 0.981 0.905 0.742 0.954 0.966 1.000 
0.069 0.976 0.928 0.758 0.989 1.000 1.000 
0.062 0.985 0.978 0.719 0.989 1.000 1.000 
0.065 0.983 0.642 0.766 0.966 1.000 1.000 
0.064 0.985 0.770 0.750 0.977 1.000 1.000 
0.065 0.983 0.990 0.750 0.989 1.000 1.000 
0.080 0.981 0.594 0.805 0.966 1.000 1.000 
0.062 0.974 0.835 0.742 0.966 0.989 1.000 
0.067 0.978 0.932 0.688 0.977 1.000 1.000 
0.103 0.972 0.931 0.711 0.966 0.989 1.000 
0.069 0.982 1.102 0.727 0.989 1.000 1.000 
0.087 0.982 0.730 0.742 0.977 1.000 1.000 
0.080 0.985 0.829 0.789 0.989 1.000 1.000 
0.078 0.983 0.835 0.750 0.977 0.977 1.000 
0.070 0.985 1.127 0.695 0.989 1.000 1.000 
0.059 0.985 0.536 0.805 0.977 0.989 1.000 
0.086 0.983 0.679 0.766 0.977 0.989 1.000 
0.092 0.968 0.768 0.758 0.977 1.000 1.000 
0.087 0.985 0.835 0.773 0.977 0.989 1.000 
0.057 0.981 0.869 0.758 0.977 1.000 1.000 
0.064 0.985 0.624 0.758 0.977 0.989 1.000 
0.092 0.981 0.771 0.727 0.966 0.989 1.000 
0.089 0.978 0.789 0.727 0.977 0.989 1.000 
0.069 0.985 1.179 0.695 1.000 1.000 1.000 
0.053 0.983 0.617 0.789 0.977 1.000 1.000 
0.056 0.989 0.972 0.727 0.977 1.000 1.000 
0.062 0.990 1.068 0.727 0.977 1.000 1.000 
0.072 0.974 0.661 0.797 0.977 0.989 1.000 
0.082 0.987 0.709 0.758 0.954 0.977 1.000 
0.077 0.971 0.789 0.758 0.920 0.977 1.000 
0.059 0.987 0.752 0.781 0.977 1.000 1.000 
0.056 0.989 0.896 0.766 0.977 1.000 1.000 
0.067 0.985 0.916 0.742 0.977 1.000 1.000 
0.125 0.980 0.789 0.734 0.977 1.000 1.000 
0.103 0.966 0.848 0.773 0.977 1.000 1.000 
0.075 0.973 0.700 0.742 0.977 1.000 1.000 
0.059 0.983 0.813 0.766 0.943 0.977 1.000 
0.079 0.978 0.694 0.758 0.966 0.989 1.000 
0.069 0.982 0.587 0.805 0.977 0.989 1.000 
0.060 0.983 0.752 0.750 0.977 1.000 1.000 
0.061 0.985 0.760 0.750 0.954 0.977 1.000 
0.058 0.991 0.886 0.727 0.966 0.977 1.000 
0.083 0.982 0.792 0.781 0.977 1.000 1.000 
0.067 0.980 0.965 0.750 0.977 1.000 1.000 
0.072 0.990 0.986 0.742 0.977 1.000 1.000 
0.067 0.980 0.683 0.734 0.977 1.000 1.000 
0.062 0.986 0.724 0.766 0.954 0.977 1.000 
0.077 0.974 0.552 0.805 0.977 0.989 1.000 
0.089 0.977 0.766 0.773 0.977 1.000 1.000 
0.066 0.978 1.124 0.734 0.989 1.000 1.000 
0.050 0.981 0.737 0.781 0.977 1.000 1.000 
0.058 0.990 0.644 0.727 0.977 1.000 1.000 
0.078 0.989 0.947 0.766 0.966 1.000 1.000 
0.075 0.983 1.195 0.734 0.977 1.000 1.000 
0.068 0.983 0.646 0.773 0.966 1.000 1.000 
0.066 0.985 0.777 0.742 0.977 1.000 1.000 
0.057 0.981 0.879 0.742 0.977 1.000 1.000 
0.059 0.985 0.948 0.766 0.977 1.000 1.000 
0.063 0.990 1.083 0.781 0.977 0.989 1.000 
0.085 0.980 0.888 0.750 0.977 0.989 1.000 
0.085 0.977 0.981 0.766 0.977 1.000 1.000 
0.092 0.971 0.906 0.727 0.977 1.000 1.000 
0.063 0.987 0.658 0.820 0.977 1.000 1.000 
0.054 0.983 0.676 0.773 0.977 1.000 1.000 
0.060 0.986 0.865 0.781 0.977 0.989 1.000 
0.056 0.989 0.675 0.758 0.966 0.989 1.000 
0.054 0.985 0.657 0.750 0.943 0.977 1.000 
0.109 0.985 0.842 0.727 0.943 0.977 1.000 
0.092 0.966 0.815 0.750 0.977 0.977 1.000 
0.095 0.968 0.807 0.758 0.954 0.977 1.000 
0.054 0.991 0.822 0.758 0.908 0.977 1.000 
0.060 0.989 0.806 0.758 0.977 0.989 1.000 
0.051 0.990 0.773 0.773 0.977 1.000 1.000 
0.067 0.985 0.829 0.781 0.977 0.977 1.000 
0.057 0.985 0.760 0.766 0.977 1.000 1.000 
0.087 0.982 0.837 0.758 0.977 0.989 1.000 
0.051 0.987 0.700 0.781 0.977 0.989 1.000 
0.068 0.991 0.842 0.727 0.977 0.989 1.000 
0.056 0.989 0.626 0.742 0.977 0.989 1.000 
0.047 0.990 0.667 0.727 0.977 0.989 1.000 
0.049 0.990 0.721 0.805 0.977 0.989 1.000 
0.045 0.991 0.662 0.789 0.977 0.989 1.000 
0.092 0.989 0.793 0.789 0.977 0.989 1.000 
0.051 0.991 0.809 0.781 0.977 0.989 1.000 
0.064 0.987 0.765 0.766 0.977 1.000 1.000 
0.062 0.990 0.767 0.773 0.977 0.989 1.000 
0.114 0.990 0.741 0.781 0.977 0.989 1.000 
0.047 0.992 1.158 0.711 0.989 1.000 1.000 
0.042 0.990 0.858 0.758 0.977 1.000 1.000 
0.048 0.989 0.868 0.734 0.977 1.000 1.000 
0.050 0.989 0.711 0.773 0.977 1.000 1.000 
0.049 0.990 0.853 0.750 0.954 0.989 1.000 
0.048 0.987 0.685 0.766 0.977 0.989 1.000 
0.047 0.989 0.845 0.711 0.966 0.989 1.000 
0.065 0.990 0.686 0.766 0.954 0.977 1.000 
0.059 0.978 0.812 0.750 0.954 0.989 1.000 
0.076 0.987 0.931 0.773 0.977 1.000 1.000 
0.057 0.981 0.869 0.789 0.977 1.000 1.000 
0.049 0.990 0.722 0.781 0.966 1.000 1.000 
0.044 0.992 0.913 0.781 0.977 1.000 1.000 
0.055 0.992 0.730 0.805 0.977 1.000 1.000 
0.067 0.990 0.791 0.758 0.977 1.000 1.000 
0.085 0.992 0.864 0.750 0.977 1.000 1.000 
0.057 0.989 0.563 0.773 0.966 0.989 1.000 
0.044 0.991 0.651 0.766 0.977 1.000 1.000 
0.067 0.987 0.816 0.727 0.966 1.000 1.000 
0.060 0.986 0.812 0.719 0.966 0.989 1.000 
0.054 0.989 0.977 0.781 0.989 1.000 1.000 
0.060 0.986 0.594 0.805 0.977 1.000 1.000 
0.050 0.983 0.796 0.766 0.966 1.000 1.000 
0.077 0.989 0.675 0.773 0.977 0.989 1.000 
0.053 0.991 0.823 0.711 0.977 0.989 1.000 
0.040 0.995 0.933 0.734 0.966 0.989 1.000 
0.049 0.989 0.803 0.742 0.966 0.989 1.000 
0.052 0.992 1.024 0.734 0.977 1.000 1.000 
0.049 0.986 0.717 0.789 0.977 1.000 1.000 
0.045 0.995 0.923 0.719 0.977 1.000 1.000 
0.076 0.986 0.738 0.836 0.977 1.000 1.000 
0.088 0.983 0.791 0.797 0.977 1.000 1.000 
0.076 0.983 0.706 0.781 0.954 1.000 1.000 
0.049 0.990 1.095 0.727 0.977 0.989 1.000 
0.054 0.986 0.771 0.703 0.977 1.000 1.000 
0.064 0.982 0.780 0.758 0.977 1.000 1.000 
0.046 0.992 0.895 0.758 0.977 1.000 1.000 
0.068 0.992 0.725 0.766 0.977 1.000 1.000 
0.051 0.981 0.719 0.797 0.977 1.000 1.000 
0.052 0.987 0.827 0.773 0.954 0.989 1.000 
0.054 0.994 0.781 0.773 0.966 0.989 1.000 
0.052 0.985 0.714 0.766 0.966 1.000 1.000 
0.045 0.989 0.672 0.773 0.977 1.000 1.000 
0.065 0.991 0.674 0.781 0.977 1.000 1.000 
0.059 0.985 1.120 0.719 0.977 0.989 1.000 
0.043 0.992 0.969 0.766 0.977 0.989 1.000 
0.064 0.989 0.681 0.766 0.966 0.977 1.000 
0.058 0.991 0.927 0.719 0.931 0.977 1.000 
0.053 0.991 0.825 0.766 0.977 0.977 1.000 
0.059 0.991 0.795 0.766 0.977 1.000 1.000 
0.069 0.986 0.644 0.781 0.977 1.000 1.000 
0.056 0.987 0.889 0.797 0.966 0.989 1.000 
0.058 0.986 0.911 0.773 0.977 0.989 1.000 
0.055 0.987 0.744 0.734 0.977 0.989 1.000 
0.049 0.994 0.866 0.719 0.977 0.989 1.000 
0.058 0.990 0.682 0.781 0.977 0.989 1.000 
0.059 0.983 0.926 0.742 0.977 1.000 1.000 
0.042 0.987 0.724 0.805 0.977 0.989 1.000 
0.047 0.992 0.716 0.781 0.977 0.989 1.000 
0.057 0.989 0.640 0.805 0.977 1.000 1.000 
0.063 0.989 0.885 0.773 0.977 1.000 1.000 
0.038 0.990 0.603 0.789 0.977 1.000 1.000 
0.038 0.996 0.837 0.758 0.977 0.989 1.000 
0.047 0.990 0.844 0.750 0.977 0.989 1.000 
0.066 0.990 0.968 0.758 0.977 0.989 1.000 
0.068 0.990 0.862 0.742 0.931 0.977 1.000 
0.070 0.985 1.010 0.742 0.931 0.977 1.000 
0.115 0.978 0.750 0.758 0.977 1.000 1.000 
0.106 0.990 1.619 0.680 1.000 1.000 1.000 
0.222 0.982 0.733 0.781 0.977 1.000 1.000 
0.110 0.972 1.032 0.742 0.851 0.931 1.000 
0.059 0.982 1.148 0.773 0.977 1.000 1.000 
0.046 0.990 0.981 0.758 0.977 1.000 1.000 
0.045 0.992 0.924 0.758 0.977 1.000 1.000 
0.080 0.995 0.805 0.742 0.977 1.000 1.000 
0.054 0.994 0.746 0.781 0.920 0.977 1.000 
0.058 0.994 0.765 0.773 0.931 0.977 1.000 
0.044 0.985 0.998 0.688 0.966 0.977 1.000 
0.044 0.992 0.706 0.773 0.977 0.989 1.000 
0.039 0.992 0.711 0.727 0.977 0.989 1.000 
0.046 0.992 0.924 0.766 0.977 1.000 1.000 
0.039 0.990 0.946 0.773 0.977 1.000 1.000 
0.046 0.992 0.835 0.734 0.977 0.989 1.000 
0.046 0.994 0.780 0.766 0.977 0.989 1.000 
0.049 0.994 0.756 0.734 0.977 1.000 1.000 
0.040 0.987 0.783 0.750 0.977 1.000 1.000 
0.057 0.989 0.623 0.805 0.977 0.989 1.000 
0.053 0.989 0.893 0.797 0.943 0.977 1.000 
0.059 0.985 0.796 0.781 0.977 1.000 1.000 
0.064 0.985 0.864 0.789 0.977 1.000 1.000 
0.044 0.992 0.707 0.750 0.977 0.989 1.000 
0.047 0.996 0.877 0.758 0.977 0.989 1.000 
0.041 0.996 0.778 0.758 0.977 1.000 1.000 
0.051 0.995 0.856 0.758 0.977 1.000 1.000 
0.045 0.995 0.770 0.773 0.977 0.989 1.000 
0.046 0.992 0.696 0.766 0.954 0.989 1.000 
0.040 0.992 0.879 0.781 0.977 1.000 1.000 
0.061 0.992 0.772 0.789 0.977 1.000 1.000 
0.146 0.990 0.760 0.766 0.931 0.977 1.000 
0.110 0.990 0.938 0.742 0.966 0.977 1.000 
0.102 0.991 0.872 0.773 0.977 1.000 1.000 
0.051 0.986 0.742 0.797 0.966 0.977 1.000 
0.057 0.996 0.819 0.758 0.977 0.989 1.000 
0.054 0.991 0.790 0.719 0.977 1.000 1.000 
0.071 0.985 1.033 0.727 0.977 1.000 1.000 
0.054 0.991 0.837 0.773 0.977 1.000 1.000 
0.061 0.990 0.826 0.766 0.920 0.977 1.000 
0.077 0.986 0.773 0.781 0.897 0.966 1.000 
0.076 0.982 0.840 0.758 0.954 0.977 1.000 
0.053 0.996 0.911 0.781 0.977 1.000 1.000 
0.079 0.996 0.786 0.750 0.977 1.000 1.000 
0.055 0.990 0.647 0.766 0.977 0.989 1.000 
0.037 0.997 0.794 0.766 0.966 0.989 1.000 
0.074 0.987 0.817 0.766 0.954 0.977 1.000 
0.053 0.985 0.985 0.742 0.966 0.989 1.000 
0.094 0.990 0.926 0.734 0.977 0.989 1.000 
0.044 0.989 0.971 0.797 0.977 0.989 1.000 
0.040 0.991 0.929 0.750 0.977 0.989 1.000 
0.073 0.992 0.946 0.727 0.977 0.989 1.000 
0.056 0.990 0.594 0.812 0.966 0.977 1.000 
0.040 0.990 0.857 0.750 0.966 0.977 1.000 
0.057 0.992 0.588 0.781 0.977 0.989 1.000 
0.062 0.986 0.816 0.812 0.977 0.989 1.000 
0.055 0.992 0.814 0.758 0.977 0.989 1.000 
0.141 0.987 0.801 0.773 0.977 0.989 1.000 
0.088 0.987 0.746 0.766 0.977 0.989 1.000 
0.056 0.990 0.815 0.766 0.977 0.989 1.000 
0.035 0.997 0.860 0.758 0.977 0.989 1.000 
0.036 0.995 0.717 0.781 0.966 0.989 1.000 
0.059 0.992 0.839 0.773 0.966 0.989 1.000 
0.055 0.990 0.925 0.734 0.966 0.977 1.000 
0.038 0.992 0.856 0.742 0.966 0.977 1.000 
0.062 0.992 0.629 0.781 0.977 0.989 1.000 
0.040 0.991 0.944 0.789 0.977 1.000 1.000 
0.037 0.995 0.898 0.742 0.977 0.989 1.000 
0.042 0.996 0.953 0.703 0.966 0.989 1.000 
0.051 0.995 0.754 0.758 0.977 0.989 1.000 
0.054 0.996 0.981 0.797 0.977 0.989 1.000 
0.037 0.996 0.827 0.773 0.977 0.989 1.000 
0.043 0.992 0.846 0.773 0.977 1.000 1.000 
0.046 0.990 0.768 0.766 0.977 1.000 1.000 
0.040 0.986 0.961 0.750 0.977 1.000 1.000 
0.040 0.992 0.602 0.758 0.966 1.000 1.000 
0.064 0.994 0.836 0.758 0.954 0.977 1.000 
0.045 0.997 0.819 0.742 0.966 0.989 1.000 
0.043 0.995 0.780 0.750 0.966 0.989 1.000 
0.079 0.992 0.815 0.797 0.943 0.977 1.000 
0.039 0.992 0.932 0.750 0.966 1.000 1.000 
0.050 0.995 0.647 0.742 0.966 0.989 1.000 
0.039 0.994 0.825 0.789 0.977 1.000 1.000 
0.039 0.994 0.712 0.758 0.977 1.000 1.000 
0.038 0.994 0.804 0.773 0.977 1.000 1.000 
0.063 0.995 0.758 0.750 0.977 1.000 1.000 
0.065 0.987 0.930 0.750 0.977 0.989 1.000 
0.043 0.987 1.002 0.734 0.966 0.977 1.000 
0.037 0.994 0.887 0.766 0.977 1.000 1.000 
0.052 0.989 0.836 0.750 0.977 1.000 1.000 
0.041 0.991 0.853 0.797 0.977 1.000 1.000 
0.043 0.995 0.786 0.766 0.977 1.000 1.000 
0.045 0.994 0.987 0.734 0.977 1.000 1.000 
0.068 0.991 0.905 0.734 0.977 0.989 1.000 
0.043 0.994 0.866 0.734 0.920 0.977 1.000 
0.033 0.995 0.928 0.734 0.977 0.989 1.000 
0.049 0.991 0.749 0.766 0.977 0.989 1.000 
0.057 0.995 0.945 0.727 0.966 0.977 1.000 
0.068 0.985 0.883 0.781 0.966 0.977 1.000 
0.044 0.989 0.816 0.750 0.966 0.989 1.000 
0.037 0.992 0.905 0.727 0.966 0.989 1.000 
0.034 0.996 0.884 0.734 0.977 0.989 1.000 
0.037 0.992 0.675 0.781 0.966 0.989 1.000 
0.060 0.994 0.804 0.750 0.977 0.989 1.000 
0.053 0.991 0.884 0.781 0.977 1.000 1.000 
0.087 0.990 0.850 0.773 0.977 0.989 1.000 
0.054 0.981 0.909 0.781 0.977 0.977 1.000 
0.057 0.990 1.119 0.742 0.977 1.000 1.000 
0.037 0.997 0.745 0.766 0.977 1.000 1.000 
0.061 0.994 0.865 0.758 0.977 1.000 1.000 
0.058 0.985 0.748 0.758 0.977 1.000 1.000 
0.040 0.994 0.959 0.789 0.954 0.977 1.000 
0.037 0.989 0.924 0.742 0.966 0.989 1.000 
0.064 0.989 0.897 0.719 0.977 0.989 1.000 
0.053 0.990 1.092 0.742 0.977 1.000 1.000 
0.065 0.990 0.843 0.742 0.977 1.000 1.000 
0.036 0.994 0.822 0.758 0.966 1.000 1.000 
0.066 0.995 0.688 0.766 0.966 0.989 1.000 
0.044 0.992 0.926 0.758 0.908 0.977 1.000 
0.055 0.994 0.795 0.758 0.966 0.977 1.000 
0.051 0.992 0.834 0.773 0.977 1.000 1.000 
0.043 0.991 0.544 0.789 0.977 0.989 1.000 
0.039 0.995 0.788 0.797 0.977 0.989 1.000 
0.034 0.994 1.023 0.711 0.966 0.989 1.000 
0.042 0.997 0.800 0.797 0.966 0.989 1.000 
0.040 0.995 0.749 0.766 0.977 0.989 1.000 
0.034 0.994 0.997 0.758 0.977 1.000 1.000 
0.036 0.994 0.696 0.789 0.977 0.989 1.000 
0.040 0.994 0.714 0.773 0.977 1.000 1.000 
0.034 0.992 0.876 0.750 0.966 0.989 1.000 
0.049 0.995 0.722 0.766 0.954 0.989 1.000 
0.052 0.992 0.803 0.750 0.966 0.989 1.000 
0.060 0.990 0.917 0.766 0.977 0.989 1.000 
0.042 0.994 0.840 0.750 0.977 0.989 1.000 
0.078 0.990 0.845 0.781 0.977 0.989 1.000 
0.031 0.996 0.996 0.703 0.977 0.989 1.000 
0.045 0.996 0.721 0.797 0.977 0.989 1.000 
0.044 0.995 0.975 0.734 0.977 0.977 1.000 
0.036 0.996 0.719 0.789 0.966 0.977 1.000 
0.048 0.991 0.785 0.750 0.977 0.989 1.000 
0.032 0.999 0.859 0.734 0.977 0.977 1.000 
0.051 0.994 0.852 0.727 0.977 1.000 1.000 
0.039 0.994 0.759 0.773 0.977 1.000 1.000 
0.040 0.990 0.775 0.758 0.977 0.989 1.000 
0.028 0.996 0.873 0.719 0.966 0.989 1.000 
0.037 0.994 0.607 0.773 0.966 0.989 1.000 
0.053 0.992 0.839 0.766 0.977 0.989 1.000 
0.038 0.995 0.904 0.734 0.977 1.000 1.000 
0.040 0.995 0.730 0.773 0.977 0.989 1.000 
0.041 0.994 0.861 0.719 0.977 0.989 1.000 
0.035 0.996 0.753 0.750 0.977 0.989 1.000 
0.041 0.997 0.632 0.805 0.977 0.989 1.000 
0.034 0.995 0.850 0.711 0.977 0.989 1.000 
0.034 0.997 0.949 0.750 0.977 0.989 1.000 
0.066 0.996 0.778 0.750 0.977 0.989 1.000 
0.048 0.992 0.902 0.727 0.977 0.989 1.000 
0.040 0.995 0.715 0.766 0.966 0.989 1.000 
0.047 0.994 0.770 0.734 0.977 0.989 1.000 
0.065 0.990 0.786 0.766 0.966 0.989 1.000 
0.055 0.987 0.694 0.758 0.977 0.989 1.000 
0.040 0.995 1.408 0.703 0.977 1.000 1.000 
0.051 0.992 0.738 0.797 0.977 0.989 1.000 
0.031 0.997 0.995 0.734 0.977 0.989 1.000 
0.075 0.991 0.851 0.727 0.966 0.989 1.000 
0.060 0.991 0.867 0.734 0.966 0.977 1.000 
0.054 0.992 0.723 0.766 0.977 1.000 1.000 
0.038 0.991 0.802 0.773 0.931 0.977 1.000 
0.036 0.996 0.820 0.750 0.977 1.000 1.000 
0.092 0.989 0.810 0.742 0.966 0.989 1.000 
0.040 0.992 0.827 0.789 0.977 0.989 1.000 
0.056 0.995 0.701 0.758 0.977 1.000 1.000 
0.033 0.997 0.946 0.758 0.977 1.000 1.000 
0.031 0.995 0.782 0.766 0.977 1.000 1.000 
0.035 0.992 0.587 0.805 0.966 0.989 1.000 
0.047 0.991 0.808 0.758 0.977 0.989 1.000 
0.046 0.991 0.837 0.758 0.977 1.000 1.000 
0.048 0.992 0.714 0.797 0.966 0.977 1.000 
0.043 0.994 0.730 0.758 0.966 0.989 1.000 
0.107 0.994 0.782 0.758 0.966 0.977 1.000 
0.078 0.985 1.005 0.742 0.977 1.000 1.000 
0.099 0.983 0.888 0.750 0.977 1.000 1.000 
0.042 0.987 0.752 0.734 0.851 0.954 1.000 
0.067 0.995 1.102 0.758 0.977 1.000 1.000 
0.041 0.995 1.127 0.742 0.977 1.000 1.000 
0.093 0.990 0.657 0.750 0.977 1.000 1.000 
0.040 0.996 0.935 0.742 0.977 1.000 1.000 
0.046 0.990 0.793 0.734 0.977 1.000 1.000 
0.037 0.996 0.639 0.781 0.977 1.000 1.000 
0.034 0.995 0.874 0.750 0.977 1.000 1.000 
0.034 0.996 0.802 0.773 0.977 1.000 1.000 
0.038 0.997 0.802 0.750 0.977 1.000 1.000 
0.060 0.997 0.742 0.766 0.977 1.000 1.000 
0.059 0.992 0.809 0.773 0.977 1.000 1.000 
0.030 0.997 0.848 0.750 0.977 0.989 1.000 
0.032 0.997 0.938 0.734 0.977 0.989 1.000 
0.038 0.992 0.798 0.789 0.966 0.989 1.000 
0.045 0.995 0.776 0.773 0.977 1.000 1.000 
0.047 0.992 0.911 0.742 0.977 0.989 1.000 
0.050 0.994 0.874 0.750 0.977 1.000 1.000 
0.097 0.995 0.896 0.727 0.977 1.000 1.000 
0.038 0.997 0.786 0.750 0.966 0.977 1.000 
0.053 0.991 0.817 0.742 0.966 0.989 1.000 
0.057 0.991 0.729 0.781 0.966 0.989 1.000 
0.038 0.995 0.737 0.812 0.977 0.989 1.000 
0.043 0.996 0.767 0.758 0.977 0.989 1.000 
0.040 0.996 0.988 0.719 0.977 1.000 1.000 
0.051 0.996 0.988 0.766 0.977 1.000 1.000 
0.045 0.995 0.887 0.758 0.977 1.000 1.000 
0.034 0.999 0.989 0.797 0.977 1.000 1.000 
0.037 0.996 0.787 0.797 0.977 1.000 1.000 
0.040 0.992 0.903 0.742 0.977 1.000 1.000 
0.053 0.994 0.717 0.750 0.977 1.000 1.000 
0.064 0.995 0.857 0.773 0.977 0.977 1.000 
0.037 0.996 0.936 0.734 0.977 0.989 1.000 
0.088 0.995 0.816 0.766 0.977 1.000 1.000 
0.042 0.994 0.923 0.719 0.943 0.977 1.000 
0.029 0.996 0.874 0.742 0.977 1.000 1.000 
0.097 0.994 0.883 0.750 0.977 1.000 1.000 
0.042 0.987 0.622 0.789 0.966 0.989 1.000 
0.034 0.996 0.907 0.742 0.977 0.989 1.000 
0.039 0.990 0.915 0.703 0.977 0.989 1.000 
0.055 0.994 0.941 0.758 0.977 0.989 1.000 
0.040 0.994 0.665 0.789 0.977 0.989 1.000 
0.059 0.995 0.806 0.750 0.966 0.977 1.000 
0.043 0.995 0.788 0.750 0.966 0.989 1.000 
0.091 0.989 0.695 0.758 0.966 0.977 1.000 
0.041 0.994 0.738 0.742 0.931 0.977 1.000 
0.043 0.991 0.666 0.797 0.977 1.000 1.000 
0.034 0.997 0.861 0.758 0.977 1.000 1.000 
0.033 0.997 0.690 0.766 0.977 0.989 1.000 
0.060 0.994 0.791 0.773 0.977 0.989 1.000 
0.035 0.999 0.955 0.750 0.966 0.977 1.000 
0.048 0.996 0.762 0.727 0.977 0.989 1.000 
0.066 0.994 0.767 0.766 0.977 0.989 1.000 
0.030 0.997 0.899 0.750 0.977 1.000 1.000 
0.071 0.994 0.693 0.766 0.977 1.000 1.000 
0.034 0.996 0.669 0.781 0.977 1.000 1.000 
0.043 0.994 0.742 0.773 0.966 0.977 1.000 
0.133 0.995 0.701 0.766 0.966 0.977 1.000 
0.037 0.994 0.819 0.742 0.954 0.977 1.000 
0.033 0.994 0.866 0.766 0.966 0.977 1.000 
0.034 0.997 0.756 0.758 0.966 0.989 1.000 
0.034 0.995 0.996 0.750 0.966 0.989 1.000 
0.043 0.995 0.742 0.773 0.977 0.989 1.000 
0.037 0.997 0.832 0.773 0.977 1.000 1.000 
0.047 0.996 0.960 0.727 0.977 0.989 1.000 
0.049 0.994 0.837 0.766 0.977 0.989 1.000 
0.063 0.995 0.907 0.727 0.977 0.989 1.000 
0.051 0.996 0.732 0.781 0.977 1.000 1.000 
0.055 0.996 0.686 0.789 0.977 1.000 1.000 
0.038 0.997 0.641 0.766 0.977 0.989 1.000 
0.039 0.996 0.878 0.758 0.977 0.989 1.000 
0.093 0.991 0.815 0.766 0.977 0.989 1.000 
0.033 0.994 0.881 0.766 0.977 0.989 1.000 
0.040 0.999 0.951 0.711 0.977 0.989 1.000 
0.031 0.996 0.788 0.766 0.977 0.989 1.000 
0.036 0.996 0.841 0.711 0.977 0.989 1.000 
0.027 0.999 0.846 0.773 0.966 0.989 1.000 
0.044 0.996 0.793 0.766 0.966 0.989 1.000 
0.104 0.991 0.884 0.750 0.966 0.989 1.000 
0.034 0.997 1.120 0.766 0.977 0.989 1.000 
0.039 0.995 0.770 0.789 0.977 0.989 1.000 
0.041 0.997 0.759 0.727 0.977 0.989 1.000 
0.040 0.994 0.831 0.773 0.977 0.989 1.000 
0.035 0.996 1.035 0.695 0.977 0.989 1.000 
0.032 0.994 0.746 0.773 0.977 0.989 1.000 
0.034 0.996 0.761 0.750 0.977 0.989 1.000 
0.050 0.996 0.749 0.742 0.977 0.989 1.000 
0.053 0.995 1.030 0.727 0.977 1.000 1.000 
0.029 0.999 0.765 0.805 0.977 0.989 1.000 
0.034 0.996 0.699 0.773 0.977 0.989 1.000 
0.033 0.996 0.863 0.758 0.966 0.989 1.000 
0.035 0.997 0.925 0.719 0.966 0.989 1.000 
0.040 0.996 0.673 0.773 0.966 0.977 1.000 
0.040 0.996 0.897 0.734 0.954 0.977 1.000 
0.040 0.996 0.811 0.750 0.966 0.977 1.000 
0.028 0.996 0.850 0.750 0.977 0.989 1.000 
0.037 0.996 0.802 0.766 0.977 0.989 1.000 
0.031 0.996 0.739 0.773 0.966 0.977 1.000 
0.029 0.999 0.944 0.719 0.977 1.000 1.000 
0.034 0.997 0.842 0.742 0.977 0.989 1.000 
0.046 0.995 0.544 0.797 0.966 0.989 1.000 
0.029 0.995 0.836 0.758 0.954 0.977 1.000 
0.037 0.995 0.647 0.766 0.977 0.989 1.000 
0.033 0.994 0.727 0.766 0.977 0.989 1.000 
0.027 0.999 1.006 0.742 0.977 0.989 1.000 
0.032 0.999 0.821 0.750 0.977 0.989 1.000 
0.051 0.995 0.657 0.758 0.966 0.989 1.000 
0.036 0.994 0.883 0.750 0.977 0.989 1.000 
0.041 0.992 0.652 0.789 0.977 0.989 1.000 
0.031 0.995 0.902 0.734 0.977 0.989 1.000 
0.057 0.996 0.821 0.758 0.977 0.989 1.000 
0.027 0.997 0.947 0.734 0.977 1.000 1.000 
0.029 0.997 0.672 0.781 0.977 0.989 1.000 
0.067 0.994 0.598 0.805 0.977 0.989 1.000 
0.032 0.996 0.836 0.781 0.977 0.989 1.000 
0.030 0.996 0.871 0.750 0.977 0.989 1.000 
0.044 0.996 0.800 0.758 0.966 0.989 1.000 
0.040 0.994 1.166 0.703 0.977 0.989 1.000 
0.197 0.990 0.882 0.766 0.977 0.989 1.000 
0.031 0.997 1.115 0.766 0.977 1.000 1.000 
0.036 0.992 0.710 0.750 0.977 0.989 1.000 
0.048 0.995 0.700 0.773 0.966 0.977 1.000 
0.039 0.996 0.811 0.758 0.954 0.977 1.000 
0.038 0.996 0.944 0.719 0.977 0.989 1.000 
0.073 0.996 0.906 0.758 0.977 0.989 1.000 
0.034 0.996 0.965 0.781 0.977 0.989 1.000 
0.027 0.999 0.988 0.766 0.977 0.989 1.000 
0.034 0.992 1.040 0.703 0.977 0.989 1.000 
0.055 0.995 0.646 0.758 0.977 0.989 1.000 
0.042 0.995 0.854 0.773 0.977 0.989 1.000 
0.032 0.997 0.687 0.812 0.931 0.977 1.000 
0.029 0.997 0.855 0.766 0.954 0.977 1.000 
0.032 0.996 0.908 0.758 0.966 0.989 1.000 
0.031 0.999 0.857 0.781 0.977 0.989 1.000 
0.039 0.994 1.046 0.727 0.977 0.989 1.000 
0.039 0.996 0.906 0.742 0.977 0.989 1.000 
0.033 0.996 0.819 0.742 0.977 0.989 1.000 
0.027 0.996 0.992 0.734 0.966 0.977 1.000 
0.027 0.997 0.623 0.797 0.977 0.989 1.000 
0.031 0.995 1.009 0.719 0.977 0.989 1.000 
0.052 0.994 0.888 0.750 0.977 0.989 1.000 
0.038 0.995 0.594 0.781 0.977 0.989 1.000 
