0.675 0.559 0.698 0.446 0.000 0.000 0.000 
0.681 0.554 0.700 0.446 0.000 0.000 0.000 
0.674 0.608 0.721 0.446 0.000 0.000 0.000 
0.633 0.628 0.722 0.446 0.000 0.000 0.000 
0.627 0.630 0.775 0.446 0.000 0.000 0.034 
0.620 0.651 0.893 0.446 0.000 0.000 0.000 
0.625 0.667 0.897 0.446 0.000 0.046 0.126 
0.594 0.676 0.717 0.579 0.506 0.540 0.747 
0.575 0.690 0.733 0.554 0.333 0.414 0.483 
0.570 0.697 0.952 0.467 0.092 0.092 0.207 
0.627 0.682 1.040 0.503 1.000 1.000 1.000 
0.604 0.692 0.902 0.482 0.345 0.310 0.414 
0.565 0.705 1.327 0.446 0.046 0.069 0.161 
0.558 0.728 0.852 0.508 0.552 0.609 0.782 
0.564 0.720 0.760 0.585 0.460 0.460 0.563 
0.564 0.716 0.611 0.651 0.713 0.724 0.908 
0.675 0.559 0.698 0.446 0.000 0.000 0.000 
0.681 0.556 0.699 0.446 0.000 0.000 0.000 
0.675 0.613 0.720 0.446 0.000 0.000 0.000 
0.635 0.627 0.717 0.456 0.000 0.011 0.000 
0.628 0.630 0.780 0.446 0.000 0.000 0.000 
0.620 0.658 0.888 0.446 0.000 0.011 0.000 
0.627 0.665 0.909 0.446 0.057 0.057 0.034 
0.594 0.669 0.724 0.574 0.506 0.529 0.494 
0.577 0.691 0.739 0.549 0.356 0.345 0.391 
0.573 0.695 0.805 0.528 0.310 0.230 0.356 
0.627 0.681 0.884 0.513 1.000 1.000 1.000 
0.602 0.697 0.853 0.497 0.333 0.299 0.391 
0.567 0.704 1.199 0.446 0.069 0.069 0.080 
0.560 0.720 0.773 0.590 0.609 0.632 0.621 
0.566 0.714 0.729 0.605 0.494 0.552 0.483 
0.565 0.704 0.674 0.626 0.368 0.345 0.437 
0.547 0.701 0.853 0.523 0.230 0.195 0.264 
0.537 0.737 0.766 0.590 0.966 0.966 0.989 
0.553 0.710 0.692 0.610 0.678 0.690 0.724 
0.516 0.747 0.722 0.605 0.655 0.655 0.713 
0.536 0.734 0.659 0.631 0.724 0.724 0.851 
0.517 0.727 0.653 0.615 1.000 1.000 1.000 
0.525 0.732 0.806 0.605 0.310 0.230 0.333 
0.519 0.748 0.843 0.610 0.379 0.379 0.402 
0.543 0.736 0.840 0.605 0.241 0.218 0.333 
0.588 0.727 0.661 0.626 0.552 0.552 0.529 
0.527 0.733 0.806 0.544 0.402 0.437 0.448 
0.503 0.756 0.670 0.662 0.966 0.954 0.989 
0.518 0.750 0.663 0.636 0.828 0.759 0.885 
0.514 0.748 0.622 0.662 0.644 0.655 0.690 
0.500 0.765 0.632 0.651 0.943 0.943 0.954 
0.488 0.770 0.681 0.667 0.862 0.793 0.920 
0.502 0.768 0.690 0.626 0.897 0.851 0.989 
0.509 0.764 0.733 0.595 0.368 0.322 0.368 
0.515 0.770 0.961 0.559 0.253 0.207 0.287 
0.489 0.760 0.955 0.544 0.230 0.218 0.253 
0.484 0.754 0.658 0.672 0.529 0.575 0.552 
0.526 0.778 0.736 0.621 1.000 1.000 1.000 
0.469 0.773 0.840 0.610 0.448 0.425 0.460 
0.480 0.780 0.642 0.631 1.000 1.000 1.000 
0.490 0.778 1.221 0.503 0.506 0.517 0.655 
0.483 0.779 0.923 0.590 0.552 0.609 0.632 
0.464 0.782 0.600 0.687 0.954 0.943 0.989 
0.465 0.784 0.674 0.687 0.506 0.494 0.655 
0.458 0.780 0.672 0.610 0.816 0.828 0.943 
0.470 0.791 0.662 0.667 0.874 0.816 0.920 
0.468 0.792 0.733 0.631 0.609 0.609 0.793 
0.432 0.802 0.893 0.605 0.322 0.310 0.356 
0.440 0.797 0.814 0.641 0.483 0.506 0.529 
0.450 0.782 0.721 0.677 0.954 0.943 0.966 
0.435 0.793 0.882 0.646 0.494 0.471 0.667 
0.445 0.801 0.788 0.631 0.563 0.575 0.701 
0.454 0.802 0.672 0.687 0.471 0.483 0.678 
0.431 0.807 0.651 0.651 1.000 1.000 1.000 
0.415 0.794 0.715 0.600 1.000 1.000 1.000 
0.421 0.793 0.689 0.662 0.379 0.322 0.483 
0.416 0.808 0.642 0.667 0.885 0.920 0.954 
0.409 0.815 0.596 0.672 1.000 1.000 1.000 
0.441 0.788 0.759 0.667 0.368 0.322 0.402 
0.449 0.807 0.642 0.682 0.977 0.989 1.000 
0.422 0.834 1.418 0.487 0.023 0.011 0.023 
0.394 0.798 0.729 0.662 0.874 0.793 0.943 
0.386 0.812 0.891 0.641 0.356 0.356 0.448 
0.675 0.559 0.698 0.446 0.000 0.000 0.000 
0.680 0.553 0.699 0.446 0.000 0.000 0.000 
0.674 0.617 0.717 0.446 0.000 0.000 0.000 
0.633 0.625 0.716 0.462 0.000 0.000 0.011 
0.630 0.631 0.785 0.446 0.000 0.000 0.034 
0.620 0.658 0.885 0.446 0.000 0.000 0.011 
0.622 0.662 0.918 0.446 0.034 0.046 0.092 
0.593 0.670 0.707 0.564 0.517 0.471 0.632 
0.576 0.693 0.781 0.544 0.368 0.368 0.483 
0.573 0.693 0.909 0.477 0.184 0.207 0.402 
0.626 0.673 0.795 0.523 0.989 1.000 1.000 
0.600 0.705 1.257 0.451 0.080 0.115 0.218 
0.569 0.700 1.125 0.446 0.172 0.218 0.471 
0.564 0.713 0.914 0.508 0.460 0.460 0.609 
0.570 0.714 0.770 0.615 0.506 0.471 0.609 
