0.624 0.646 0.682 0.594 1.000 1.000 1.000 
0.547 0.702 0.690 0.547 1.000 1.000 1.000 
0.545 0.715 0.700 0.516 1.000 1.000 1.000 
0.534 0.727 0.679 0.570 1.000 1.000 1.000 
0.517 0.733 0.669 0.586 1.000 1.000 1.000 
0.499 0.754 0.651 0.680 0.851 0.828 1.000 
0.513 0.750 0.664 0.602 1.000 1.000 1.000 
0.490 0.774 0.632 0.617 1.000 0.989 1.000 
0.473 0.784 0.655 0.602 1.000 0.989 1.000 
0.482 0.768 0.646 0.562 1.000 1.000 1.000 
0.454 0.777 0.666 0.602 0.816 0.839 1.000 
0.451 0.765 0.742 0.539 1.000 1.000 1.000 
0.441 0.771 0.792 0.547 1.000 1.000 1.000 
0.493 0.788 0.615 0.625 1.000 0.989 1.000 
0.512 0.768 0.582 0.648 0.966 0.977 1.000 
0.474 0.779 0.872 0.531 1.000 1.000 1.000 
0.624 0.646 0.683 0.594 1.000 1.000 1.000 
0.551 0.702 0.691 0.547 1.000 1.000 1.000 
0.548 0.710 0.698 0.516 1.000 1.000 1.000 
0.536 0.733 0.679 0.570 1.000 1.000 1.000 
0.515 0.738 0.668 0.594 1.000 1.000 1.000 
0.498 0.762 0.652 0.672 0.966 0.931 0.989 
0.512 0.752 0.660 0.609 1.000 1.000 1.000 
0.490 0.769 0.644 0.617 1.000 1.000 1.000 
0.472 0.787 0.653 0.594 1.000 1.000 1.000 
0.483 0.766 0.665 0.562 1.000 1.000 1.000 
0.452 0.777 0.728 0.570 0.966 0.908 0.966 
0.448 0.762 0.697 0.594 1.000 1.000 1.000 
0.440 0.784 0.806 0.523 1.000 1.000 1.000 
0.492 0.784 0.621 0.633 1.000 1.000 1.000 
0.508 0.762 0.600 0.617 1.000 0.989 1.000 
0.480 0.780 0.842 0.531 1.000 1.000 1.000 
0.479 0.792 0.719 0.586 1.000 1.000 1.000 
0.475 0.771 1.130 0.547 1.000 1.000 1.000 
0.441 0.802 0.627 0.656 0.966 0.920 0.989 
0.451 0.802 0.588 0.727 1.000 0.989 1.000 
0.439 0.792 0.632 0.648 0.989 0.989 1.000 
0.407 0.802 0.601 0.641 0.989 0.977 1.000 
0.415 0.792 0.608 0.672 1.000 0.989 1.000 
0.462 0.791 0.615 0.648 1.000 1.000 1.000 
0.444 0.792 0.684 0.609 1.000 1.000 1.000 
0.423 0.810 0.811 0.570 1.000 1.000 1.000 
0.449 0.799 0.614 0.648 0.977 0.966 0.989 
0.451 0.797 0.694 0.562 1.000 1.000 1.000 
0.460 0.811 0.719 0.562 1.000 1.000 1.000 
0.410 0.803 0.728 0.547 1.000 1.000 1.000 
0.479 0.805 0.763 0.547 1.000 1.000 1.000 
0.457 0.797 0.564 0.703 1.000 1.000 1.000 
0.414 0.825 0.610 0.633 1.000 1.000 1.000 
0.410 0.808 0.745 0.531 1.000 1.000 1.000 
0.399 0.821 0.789 0.562 1.000 1.000 1.000 
0.425 0.820 0.641 0.641 0.920 0.920 0.954 
0.409 0.812 0.656 0.641 1.000 1.000 1.000 
0.455 0.810 0.738 0.586 1.000 1.000 1.000 
0.418 0.773 0.636 0.656 1.000 0.989 1.000 
0.402 0.801 0.776 0.586 1.000 1.000 1.000 
0.378 0.810 0.627 0.641 1.000 1.000 1.000 
0.462 0.817 0.593 0.703 0.839 0.759 0.897 
0.416 0.811 0.547 0.703 1.000 1.000 1.000 
0.452 0.785 1.200 0.547 1.000 1.000 1.000 
0.451 0.802 0.555 0.695 1.000 1.000 1.000 
0.412 0.821 0.593 0.688 0.989 1.000 1.000 
0.384 0.824 0.578 0.719 0.989 0.989 1.000 
0.443 0.834 0.685 0.641 1.000 1.000 1.000 
0.368 0.830 0.639 0.664 0.989 0.966 0.989 
0.395 0.819 0.725 0.578 1.000 1.000 1.000 
0.391 0.824 0.651 0.617 1.000 1.000 1.000 
0.388 0.821 0.595 0.680 1.000 1.000 1.000 
0.371 0.834 0.626 0.680 0.977 0.989 1.000 
0.364 0.821 0.640 0.641 1.000 1.000 1.000 
0.387 0.842 0.815 0.602 1.000 1.000 1.000 
0.372 0.812 0.642 0.688 0.977 0.966 0.977 
0.368 0.828 0.874 0.609 1.000 1.000 1.000 
0.341 0.844 0.626 0.719 1.000 1.000 1.000 
0.363 0.833 0.826 0.594 1.000 1.000 1.000 
0.369 0.828 0.522 0.750 1.000 1.000 1.000 
0.345 0.837 0.810 0.633 1.000 1.000 1.000 
0.371 0.828 0.553 0.742 0.989 1.000 1.000 
0.401 0.810 1.122 0.555 1.000 1.000 1.000 
0.624 0.641 0.683 0.594 1.000 1.000 1.000 
0.549 0.702 0.690 0.547 1.000 1.000 1.000 
0.548 0.711 0.700 0.516 1.000 1.000 1.000 
0.534 0.724 0.680 0.570 1.000 1.000 1.000 
0.515 0.737 0.665 0.594 1.000 1.000 1.000 
0.500 0.750 0.656 0.641 0.736 0.782 0.989 
0.514 0.752 0.662 0.602 0.989 1.000 1.000 
0.492 0.764 0.633 0.625 1.000 1.000 1.000 
0.477 0.782 0.646 0.602 0.862 0.954 1.000 
0.484 0.765 0.632 0.602 1.000 1.000 1.000 
0.456 0.775 0.683 0.594 0.540 0.540 0.966 
0.448 0.762 0.689 0.594 1.000 1.000 1.000 
0.437 0.778 0.716 0.594 1.000 1.000 1.000 
0.493 0.784 0.631 0.641 0.943 0.989 1.000 
0.516 0.759 0.660 0.648 0.678 0.655 0.989 
0.482 0.765 0.776 0.461 1.000 1.000 1.000 
