0.149 0.207 0.575 
0.000 0.000 0.046 
0.000 0.000 0.000 
0.000 0.000 0.000 
0.000 0.011 0.069 
0.000 0.000 0.011 
0.000 0.034 0.218 
0.023 0.080 0.310 
0.011 0.069 0.195 
0.057 0.103 0.345 
0.011 0.057 0.149 
0.034 0.103 0.322 
0.034 0.080 0.264 
0.299 0.379 0.885 
0.057 0.080 0.230 
0.402 0.391 0.414 
0.000 0.011 0.034 
0.000 0.000 0.000 
0.000 0.000 0.000 
0.000 0.011 0.011 
0.000 0.000 0.000 
0.000 0.034 0.046 
0.103 0.046 0.103 
0.080 0.034 0.046 
0.149 0.103 0.230 
0.069 0.046 0.069 
0.218 0.161 0.276 
0.184 0.126 0.264 
0.471 0.506 0.621 
0.161 0.103 0.195 
0.644 0.644 0.736 
0.264 0.230 0.310 
0.828 0.816 0.908 
0.207 0.138 0.287 
0.310 0.287 0.391 
0.517 0.448 0.575 
0.483 0.471 0.552 
0.563 0.586 0.736 
0.161 0.080 0.149 
0.471 0.483 0.552 
0.724 0.736 0.885 
0.230 0.138 0.287 
0.805 0.782 0.897 
0.425 0.448 0.506 
0.621 0.598 0.759 
0.759 0.759 0.897 
0.920 0.851 0.943 
0.816 0.782 0.897 
0.425 0.345 0.517 
0.977 0.954 1.000 
0.195 0.161 0.299 
0.954 0.931 0.989 
0.908 0.897 0.966 
0.575 0.632 0.747 
0.954 0.943 0.989 
0.609 0.678 0.770 
0.529 0.517 0.575 
0.793 0.897 0.931 
0.862 0.874 0.954 
0.759 0.759 0.885 
0.966 0.954 1.000 
0.759 0.828 0.897 
0.839 0.885 0.943 
0.885 0.908 0.966 
0.989 0.977 1.000 
0.977 0.977 1.000 
0.747 0.782 0.874 
0.586 0.667 0.759 
0.805 0.851 0.920 
0.874 0.897 0.943 
0.667 0.747 0.816 
0.862 0.885 0.920 
0.920 0.920 0.954 
0.678 0.736 0.816 
0.977 0.977 0.989 
0.460 0.460 0.506 
0.908 0.954 0.977 
0.138 0.149 0.678 
0.000 0.011 0.172 
0.000 0.000 0.000 
0.000 0.000 0.011 
0.000 0.000 0.161 
0.000 0.000 0.011 
0.023 0.034 0.241 
0.046 0.069 0.402 
0.023 0.057 0.172 
0.115 0.161 0.644 
0.034 0.034 0.149 
0.034 0.046 0.356 
0.034 0.057 0.356 
0.218 0.195 0.747 
0.057 0.080 0.241 
0.471 0.483 0.966 
0.126 0.149 0.425 
0.575 0.598 0.977 
0.069 0.092 0.437 
0.172 0.161 0.759 
0.161 0.161 0.759 
0.333 0.287 0.874 
0.253 0.253 0.874 
0.080 0.115 0.586 
0.195 0.230 0.701 
0.609 0.621 0.966 
0.195 0.207 0.701 
0.644 0.621 0.966 
0.391 0.368 0.747 
0.529 0.483 0.966 
0.333 0.322 0.851 
0.517 0.402 0.966 
0.322 0.299 0.897 
0.092 0.126 0.563 
0.816 0.862 1.000 
0.092 0.115 0.356 
0.598 0.563 0.966 
0.644 0.621 0.977 
0.448 0.391 0.931 
0.793 0.851 1.000 
0.563 0.494 0.966 
0.230 0.264 0.701 
0.621 0.632 0.977 
0.506 0.448 0.931 
0.575 0.552 0.966 
0.667 0.621 0.966 
0.494 0.471 0.943 
0.563 0.529 0.954 
0.609 0.621 0.966 
0.759 0.851 1.000 
0.747 0.793 1.000 
0.310 0.310 0.851 
0.356 0.345 0.920 
0.506 0.460 0.931 
0.701 0.747 0.989 
0.621 0.575 0.954 
0.621 0.644 0.977 
0.678 0.736 1.000 
0.138 0.195 0.782 
0.770 0.816 1.000 
0.207 0.241 0.724 
0.667 0.678 0.966 
0.379 0.379 0.862 
0.391 0.402 0.874 
0.563 0.494 0.966 
0.747 0.770 1.000 
0.437 0.402 0.874 
0.506 0.460 0.920 
0.483 0.471 0.908 
0.701 0.747 1.000 
0.655 0.736 1.000 
0.632 0.598 0.954 
0.506 0.517 0.908 
0.805 0.874 1.000 
0.598 0.701 0.954 
0.885 0.943 1.000 
0.517 0.494 0.920 
0.678 0.598 0.954 
0.724 0.782 1.000 
0.333 0.356 0.805 
0.529 0.494 0.920 
0.759 0.839 1.000 
0.126 0.172 0.540 
0.805 0.828 1.000 
0.782 0.839 1.000 
0.391 0.425 0.931 
0.736 0.805 0.989 
0.575 0.529 0.943 
0.770 0.816 1.000 
0.770 0.805 1.000 
0.977 1.000 1.000 
0.759 0.759 1.000 
0.724 0.782 1.000 
0.874 0.897 1.000 
0.885 0.908 1.000 
0.885 0.931 1.000 
0.839 0.897 1.000 
0.632 0.667 0.989 
0.391 0.402 0.874 
0.943 0.989 1.000 
0.517 0.506 0.920 
0.862 0.920 1.000 
0.816 0.908 1.000 
0.805 0.897 1.000 
0.563 0.667 0.977 
0.828 0.897 1.000 
0.851 0.874 1.000 
0.862 0.931 1.000 
0.747 0.793 1.000 
0.816 0.851 1.000 
0.483 0.483 0.920 
0.851 0.908 1.000 
0.874 0.931 1.000 
0.851 0.885 1.000 
0.885 0.943 1.000 
0.414 0.414 0.897 
0.897 0.977 1.000 
0.713 0.805 1.000 
0.759 0.839 0.989 
0.724 0.805 0.989 
0.874 0.931 1.000 
0.885 0.943 1.000 
0.862 0.943 1.000 
0.759 0.793 1.000 
0.897 0.931 1.000 
0.632 0.701 1.000 
0.713 0.839 1.000 
0.908 0.966 1.000 
0.632 0.667 0.989 
0.897 0.966 1.000 
0.310 0.368 0.747 
0.931 1.000 1.000 
0.483 0.563 0.966 
0.609 0.667 0.989 
0.897 0.966 1.000 
0.816 0.920 1.000 
0.977 0.977 1.000 
0.897 0.954 1.000 
0.839 0.908 1.000 
0.759 0.839 1.000 
0.805 0.908 1.000 
0.897 0.954 1.000 
0.724 0.816 1.000 
0.885 0.931 1.000 
0.494 0.506 0.920 
0.851 0.908 1.000 
0.690 0.816 1.000 
0.885 0.954 1.000 
0.770 0.851 1.000 
0.701 0.713 1.000 
0.874 0.931 1.000 
0.690 0.736 1.000 
0.920 0.989 1.000 
0.805 0.897 1.000 
0.989 1.000 1.000 
0.678 0.747 0.989 
0.931 0.954 1.000 
0.862 0.908 1.000 
0.770 0.828 1.000 
0.908 0.931 1.000 
0.943 0.966 1.000 
0.943 0.954 1.000 
0.828 0.920 1.000 
0.494 0.506 0.943 
0.874 0.897 1.000 
0.943 1.000 1.000 
0.874 0.954 1.000 
0.862 0.954 1.000 
0.897 0.966 1.000 
0.828 0.897 1.000 
0.885 0.954 1.000 
0.575 0.598 0.989 
0.920 0.989 1.000 
0.816 0.862 1.000 
0.954 1.000 1.000 
0.839 0.931 1.000 
0.816 0.897 1.000 
0.759 0.851 1.000 
0.943 1.000 1.000 
0.805 0.874 1.000 
0.690 0.690 0.989 
0.816 0.885 1.000 
0.851 0.920 1.000 
0.621 0.747 1.000 
0.989 1.000 1.000 
0.816 0.908 1.000 
0.977 1.000 1.000 
0.862 0.954 1.000 
0.885 0.954 1.000 
0.828 0.908 1.000 
0.782 0.874 1.000 
0.851 0.954 1.000 
0.989 1.000 1.000 
0.425 0.471 0.931 
0.851 0.931 1.000 
0.851 0.931 1.000 
0.897 0.977 1.000 
0.828 0.908 1.000 
0.920 0.989 1.000 
0.920 0.977 1.000 
0.920 0.977 1.000 
0.908 0.977 1.000 
0.885 0.989 1.000 
0.862 0.954 1.000 
0.862 0.943 1.000 
0.931 0.989 1.000 
0.885 0.954 1.000 
0.851 0.943 1.000 
0.931 0.989 1.000 
0.828 0.885 1.000 
0.943 0.954 1.000 
0.989 1.000 1.000 
0.954 0.989 1.000 
0.759 0.828 1.000 
0.954 0.977 1.000 
0.851 0.920 1.000 
0.885 0.966 1.000 
0.747 0.839 1.000 
0.897 0.954 1.000 
0.862 0.954 1.000 
0.977 1.000 1.000 
0.816 0.862 1.000 
0.897 0.966 1.000 
0.816 0.931 1.000 
0.759 0.805 1.000 
0.920 0.989 1.000 
0.862 0.908 1.000 
0.908 0.977 1.000 
0.885 0.966 1.000 
0.920 0.977 1.000 
0.908 0.977 1.000 
0.839 0.885 1.000 
0.954 1.000 1.000 
0.862 0.954 1.000 
0.805 0.874 1.000 
0.828 0.943 1.000 
0.897 0.977 1.000 
0.862 0.954 1.000 
0.908 0.966 1.000 
0.920 1.000 1.000 
0.931 0.989 1.000 
0.966 1.000 1.000 
0.977 1.000 1.000 
0.874 0.966 1.000 
0.943 0.989 1.000 
0.943 0.989 1.000 
0.897 0.977 1.000 
0.897 0.943 1.000 
0.874 0.966 1.000 
0.920 0.989 1.000 
0.828 0.897 1.000 
0.931 1.000 1.000 
0.897 0.977 1.000 
0.966 1.000 1.000 
0.920 0.989 1.000 
0.851 0.897 1.000 
0.966 1.000 1.000 
0.816 0.874 1.000 
0.874 0.931 1.000 
0.977 1.000 1.000 
0.885 0.989 1.000 
0.885 0.989 1.000 
0.943 0.989 1.000 
0.851 0.920 1.000 
0.874 0.954 1.000 
0.920 0.966 1.000 
0.885 0.931 1.000 
0.862 0.954 1.000 
0.805 0.897 1.000 
0.885 0.966 1.000 
0.931 0.989 1.000 
0.885 0.966 1.000 
0.885 0.954 1.000 
0.977 0.989 1.000 
0.874 0.943 1.000 
0.943 0.989 1.000 
0.897 0.989 1.000 
0.885 0.966 1.000 
0.931 0.989 1.000 
0.839 0.920 1.000 
0.793 0.828 1.000 
0.897 0.954 1.000 
0.874 0.977 1.000 
0.885 0.966 1.000 
0.908 0.989 1.000 
0.897 0.943 1.000 
0.977 1.000 1.000 
0.931 0.989 1.000 
0.828 0.862 1.000 
0.862 0.954 1.000 
0.805 0.885 1.000 
0.954 1.000 1.000 
0.862 0.931 1.000 
0.931 0.977 1.000 
0.954 0.989 1.000 
0.782 0.816 1.000 
0.966 1.000 1.000 
0.931 0.989 1.000 
0.920 0.977 1.000 
0.897 0.966 1.000 
0.897 1.000 1.000 
0.897 0.966 1.000 
0.862 0.954 1.000 
0.897 0.977 1.000 
0.954 1.000 1.000 
0.954 1.000 1.000 
0.954 1.000 1.000 
0.839 0.862 1.000 
0.885 0.977 1.000 
0.908 0.989 1.000 
0.931 0.989 1.000 
0.954 1.000 1.000 
0.851 0.954 1.000 
0.920 0.989 1.000 
0.977 1.000 1.000 
0.908 0.977 1.000 
0.874 0.977 1.000 
0.920 1.000 1.000 
0.954 1.000 1.000 
0.885 0.989 1.000 
0.931 1.000 1.000 
0.908 0.977 1.000 
0.897 0.966 1.000 
0.931 0.989 1.000 
0.920 0.989 1.000 
0.931 0.989 1.000 
0.862 0.977 1.000 
0.966 1.000 1.000 
0.908 0.989 1.000 
0.966 0.989 1.000 
0.931 0.989 1.000 
0.908 0.989 1.000 
0.977 1.000 1.000 
0.920 0.989 1.000 
0.977 1.000 1.000 
0.977 1.000 1.000 
0.885 0.954 1.000 
0.954 1.000 1.000 
0.862 0.966 1.000 
0.977 1.000 1.000 
0.839 0.954 1.000 
0.885 0.977 1.000 
0.862 0.977 1.000 
0.931 0.989 1.000 
0.851 0.977 1.000 
0.954 1.000 1.000 
0.954 1.000 1.000 
0.943 1.000 1.000 
0.954 0.989 1.000 
0.954 1.000 1.000 
0.839 0.897 1.000 
0.908 0.989 1.000 
0.885 0.966 1.000 
0.966 1.000 1.000 
0.966 1.000 1.000 
0.897 0.977 1.000 
0.828 0.862 1.000 
0.828 0.885 1.000 
0.874 0.931 1.000 
0.851 0.908 1.000 
0.931 0.989 1.000 
0.908 0.989 1.000 
0.920 1.000 1.000 
0.851 0.977 1.000 
0.874 0.977 1.000 
0.874 0.966 1.000 
0.920 0.977 1.000 
0.885 0.966 1.000 
0.943 1.000 1.000 
0.897 0.989 1.000 
0.931 0.989 1.000 
0.920 0.977 1.000 
0.828 0.885 1.000 
0.977 1.000 1.000 
0.908 0.989 1.000 
0.966 1.000 1.000 
0.966 1.000 1.000 
0.943 0.989 1.000 
0.977 1.000 1.000 
0.908 0.977 1.000 
0.931 1.000 1.000 
0.966 1.000 1.000 
0.966 1.000 1.000 
0.897 0.989 1.000 
0.977 1.000 1.000 
0.954 1.000 1.000 
0.920 1.000 1.000 
0.931 1.000 1.000 
0.977 1.000 1.000 
0.920 0.989 1.000 
0.897 0.989 1.000 
0.920 1.000 1.000 
0.862 0.977 1.000 
0.908 0.989 1.000 
0.977 1.000 1.000 
0.897 0.989 1.000 
0.908 0.977 1.000 
0.943 1.000 1.000 
0.920 0.977 1.000 
0.862 0.943 1.000 
0.908 0.977 1.000 
0.862 0.954 1.000 
0.966 0.989 1.000 
0.897 0.966 1.000 
0.966 1.000 1.000 
0.966 1.000 1.000 
0.954 1.000 1.000 
0.966 1.000 1.000 
0.977 1.000 1.000 
0.943 1.000 1.000 
0.954 0.989 1.000 
0.908 0.977 1.000 
0.943 0.989 1.000 
0.897 0.954 1.000 
0.908 0.977 1.000 
0.966 0.989 1.000 
0.966 0.989 1.000 
0.966 1.000 1.000 
0.966 1.000 1.000 
0.885 0.954 1.000 
0.943 1.000 1.000 
0.977 1.000 1.000 
0.977 1.000 1.000 
0.966 1.000 1.000 
0.920 0.989 1.000 
0.885 0.954 1.000 
0.885 0.966 1.000 
0.897 0.989 1.000 
0.943 0.989 1.000 
0.966 1.000 1.000 
0.908 0.977 1.000 
0.943 1.000 1.000 
0.954 1.000 1.000 
0.966 1.000 1.000 
0.977 1.000 1.000 
0.931 0.977 1.000 
0.931 0.989 1.000 
0.954 1.000 1.000 
0.977 1.000 1.000 
0.977 1.000 1.000 
0.908 0.989 1.000 
0.908 0.977 1.000 
0.897 0.966 1.000 
0.897 0.954 1.000 
0.931 0.989 1.000 
0.977 1.000 1.000 
0.977 1.000 1.000 
0.897 0.977 1.000 
0.897 0.977 1.000 
0.977 1.000 1.000 
0.954 1.000 1.000 
0.966 1.000 1.000 
0.954 1.000 1.000 
0.920 0.977 1.000 
0.954 0.989 1.000 
0.908 0.977 1.000 
0.966 1.000 1.000 
0.908 0.966 1.000 
0.782 0.851 1.000 
0.920 0.977 1.000 
0.931 0.977 1.000 
0.931 0.977 1.000 
0.954 1.000 1.000 
0.943 1.000 1.000 
0.966 1.000 1.000 
0.943 0.989 1.000 
0.954 0.989 1.000 
0.966 1.000 1.000 
0.977 1.000 1.000 
0.897 0.989 1.000 
0.954 0.989 1.000 
0.908 0.966 1.000 
0.931 0.977 1.000 
0.943 0.989 1.000 
0.966 1.000 1.000 
0.966 1.000 1.000 
0.943 1.000 1.000 
0.931 1.000 1.000 
0.897 0.977 1.000 
0.943 0.977 1.000 
0.966 1.000 1.000 
0.885 0.966 1.000 
0.920 0.989 1.000 
0.943 1.000 1.000 
0.931 1.000 1.000 
0.966 1.000 1.000 
0.943 0.989 1.000 
0.954 1.000 1.000 
0.885 0.966 1.000 
0.954 1.000 1.000 
0.966 1.000 1.000 
0.954 1.000 1.000 
0.920 0.989 1.000 
0.977 1.000 1.000 
0.966 1.000 1.000 
0.908 0.989 1.000 
0.954 1.000 1.000 
0.954 1.000 1.000 
0.920 0.989 1.000 
0.954 1.000 1.000 
0.966 1.000 1.000 
0.966 1.000 1.000 
0.966 1.000 1.000 
0.874 0.954 1.000 
0.897 0.966 1.000 
0.908 0.966 1.000 
0.920 0.977 1.000 
0.966 1.000 1.000 
0.977 1.000 1.000 
0.977 1.000 1.000 
0.954 0.989 1.000 
0.908 0.977 1.000 
0.966 1.000 1.000 
0.954 1.000 1.000 
0.954 1.000 1.000 
0.920 0.977 1.000 
0.966 1.000 1.000 
0.966 1.000 1.000 
0.943 0.989 1.000 
0.897 0.966 1.000 
0.897 0.966 1.000 
0.966 1.000 1.000 
0.931 0.989 1.000 
0.966 0.989 1.000 
0.966 1.000 1.000 
0.966 1.000 1.000 
0.966 1.000 1.000 
0.966 0.989 1.000 
0.966 1.000 1.000 
0.966 1.000 1.000 
0.966 1.000 1.000 
0.954 0.989 1.000 
0.954 0.989 1.000 
0.966 0.989 1.000 
0.966 1.000 1.000 
0.931 0.977 1.000 
0.897 0.966 1.000 
0.966 0.989 1.000 
0.954 0.989 1.000 
0.920 0.977 1.000 
0.977 1.000 1.000 
0.977 1.000 1.000 
0.954 0.989 1.000 
0.966 0.989 1.000 
0.966 0.989 1.000 
0.977 1.000 1.000 
0.966 1.000 1.000 
0.931 0.977 1.000 
0.954 0.989 1.000 
0.977 0.989 1.000 
0.920 0.977 1.000 
0.920 0.966 1.000 
0.920 0.989 1.000 
0.954 0.989 1.000 
0.966 0.989 1.000 
0.966 0.989 1.000 
0.943 0.977 1.000 
0.954 0.989 1.000 
0.966 1.000 1.000 
0.966 1.000 1.000 
0.954 0.989 1.000 
0.954 0.977 1.000 
0.966 0.977 1.000 
0.908 0.977 1.000 
0.966 0.977 1.000 
0.966 0.977 1.000 
0.954 0.977 1.000 
0.966 0.989 1.000 
0.966 1.000 1.000 
0.920 0.977 1.000 
0.954 0.977 1.000 
0.977 1.000 1.000 
0.977 1.000 1.000 
0.943 0.989 1.000 
0.931 0.977 1.000 
0.943 0.989 1.000 
0.885 0.966 1.000 
0.931 0.977 1.000 
0.862 0.966 1.000 
0.885 0.977 1.000 
0.966 0.989 1.000 
0.966 0.989 1.000 
0.966 0.977 1.000 
0.966 0.989 1.000 
0.966 0.989 1.000 
0.943 0.977 1.000 
0.966 0.989 1.000 
0.966 0.989 1.000 
0.931 0.977 1.000 
0.954 0.989 1.000 
0.977 0.989 1.000 
0.977 1.000 1.000 
0.954 0.989 1.000 
0.954 0.989 1.000 
0.954 0.989 1.000 
0.966 1.000 1.000 
0.966 0.989 1.000 
0.966 1.000 1.000 
0.954 0.977 1.000 
0.966 0.989 1.000 
0.966 0.989 1.000 
0.966 0.989 1.000 
0.966 0.989 1.000 
0.966 0.977 1.000 
0.966 0.977 1.000 
0.966 0.989 1.000 
0.977 0.989 1.000 
0.966 0.989 1.000 
0.943 0.977 1.000 
0.954 0.977 1.000 
0.966 0.977 1.000 
0.920 0.977 1.000 
0.920 0.977 1.000 
0.897 0.977 1.000 
0.931 0.977 1.000 
0.954 0.989 1.000 
0.943 0.977 1.000 
0.931 0.977 1.000 
0.977 1.000 1.000 
0.977 1.000 1.000 
0.931 0.977 1.000 
0.931 0.977 1.000 
0.954 0.977 1.000 
0.954 0.977 1.000 
0.966 1.000 1.000 
0.966 0.989 1.000 
0.966 0.989 1.000 
0.954 0.989 1.000 
0.966 1.000 1.000 
0.954 0.989 1.000 
0.966 1.000 1.000 
0.966 0.989 1.000 
0.966 0.989 1.000 
0.966 0.977 1.000 
0.943 0.977 1.000 
0.885 0.966 1.000 
0.931 0.977 1.000 
0.931 0.989 1.000 
0.966 0.989 1.000 
0.943 0.977 1.000 
0.931 0.989 1.000 
0.897 0.977 1.000 
0.920 0.989 1.000 
0.920 0.977 1.000 
0.920 0.977 1.000 
0.966 1.000 1.000 
0.966 0.989 1.000 
0.966 0.977 1.000 
0.966 0.977 1.000 
0.954 0.989 1.000 
0.966 0.977 1.000 
0.977 1.000 1.000 
0.966 1.000 1.000 
0.966 1.000 1.000 
0.977 0.989 1.000 
0.966 0.989 1.000 
0.897 0.977 1.000 
0.931 0.977 1.000 
0.931 0.977 1.000 
0.931 0.977 1.000 
0.977 0.989 1.000 
0.977 0.989 1.000 
0.977 0.989 1.000 
0.943 0.977 1.000 
0.920 0.977 1.000 
0.966 0.989 1.000 
0.966 0.989 1.000 
0.966 0.977 1.000 
0.920 0.977 1.000 
0.908 0.977 1.000 
0.977 0.989 1.000 
0.977 0.989 1.000 
0.977 0.989 1.000 
0.966 0.989 1.000 
0.943 0.977 1.000 
0.966 0.989 1.000 
0.966 0.977 1.000 
0.966 0.989 1.000 
0.966 1.000 1.000 
0.966 1.000 1.000 
0.943 1.000 1.000 
0.966 1.000 1.000 
0.931 0.977 1.000 
0.943 0.977 1.000 
0.943 0.977 1.000 
0.943 0.977 1.000 
0.931 0.977 1.000 
0.931 0.977 1.000 
0.966 0.977 1.000 
0.966 1.000 1.000 
0.966 1.000 1.000 
0.966 0.989 1.000 
0.954 0.977 1.000 
0.966 0.977 1.000 
0.966 0.989 1.000 
0.966 0.989 1.000 
0.954 0.977 1.000 
0.920 0.977 1.000 
0.943 0.977 1.000 
0.943 0.977 1.000 
0.931 0.977 1.000 
0.920 0.977 1.000 
0.943 0.977 1.000 
0.954 0.977 1.000 
0.931 0.977 1.000 
0.966 0.989 1.000 
0.966 1.000 1.000 
0.954 0.977 1.000 
0.943 0.977 1.000 
0.954 0.977 1.000 
0.943 0.977 1.000 
0.966 0.977 1.000 
0.966 0.989 1.000 
0.931 0.977 1.000 
0.966 0.989 1.000 
0.943 0.977 1.000 
0.943 0.977 1.000 
0.943 0.977 1.000 
0.954 0.977 1.000 
0.931 0.977 1.000 
0.966 0.977 1.000 
0.966 0.977 1.000 
0.931 0.977 1.000 
0.931 0.977 1.000 
0.943 0.977 1.000 
0.954 0.989 1.000 
0.943 0.977 1.000 
0.954 0.989 1.000 
0.966 0.989 1.000 
0.966 0.989 1.000 
0.954 0.977 1.000 
0.966 0.989 1.000 
0.977 0.989 1.000 
0.977 0.989 1.000 
0.966 0.989 1.000 
0.966 0.989 1.000 
0.954 0.977 1.000 
0.966 0.989 1.000 
0.966 0.989 1.000 
0.966 0.989 1.000 
0.931 0.977 1.000 
0.943 0.977 1.000 
0.931 0.977 1.000 
0.966 0.989 1.000 
0.931 0.977 1.000 
0.931 0.977 1.000 
0.954 0.977 1.000 
0.966 0.989 1.000 
0.966 0.989 1.000 
0.966 0.989 1.000 
0.966 0.989 1.000 
0.943 0.977 1.000 
0.943 0.977 1.000 
0.954 0.977 1.000 
0.966 0.989 1.000 
0.966 0.989 1.000 
0.966 1.000 1.000 
0.966 1.000 1.000 
0.954 0.977 1.000 
0.954 0.977 1.000 
0.966 0.989 1.000 
0.966 0.989 1.000 
0.977 0.989 1.000 
0.966 0.989 1.000 
0.966 0.989 1.000 
0.977 0.989 1.000 
0.977 0.989 1.000 
0.966 0.989 1.000 
0.966 0.989 1.000 
0.966 0.989 1.000 
0.966 0.989 1.000 
0.966 0.989 1.000 
0.954 0.977 1.000 
0.966 0.989 1.000 
0.966 0.989 1.000 
0.966 0.989 1.000 
0.966 0.989 1.000 
0.966 0.989 1.000 
0.966 0.989 1.000 
0.954 0.977 1.000 
0.966 0.977 1.000 
0.931 0.977 1.000 
0.954 0.977 1.000 
0.966 1.000 1.000 
0.966 0.989 1.000 
0.943 0.977 1.000 
0.966 0.989 1.000 
0.966 0.977 1.000 
0.954 0.977 1.000 
0.954 0.989 1.000 
0.966 0.989 1.000 
0.966 0.989 1.000 
0.966 0.977 1.000 
0.966 0.989 1.000 
0.943 0.977 1.000 
0.966 0.989 1.000 
0.966 0.989 1.000 
0.966 1.000 1.000 
0.977 1.000 1.000 
0.966 0.989 1.000 
0.943 0.989 1.000 
0.931 0.977 1.000 
0.943 0.977 1.000 
0.954 0.977 1.000 
0.966 0.989 1.000 
0.966 0.989 1.000 
0.954 0.977 1.000 
0.954 0.989 1.000 
0.966 0.989 1.000 
0.977 0.989 1.000 
0.966 0.989 1.000 
0.966 0.989 1.000 
0.966 0.989 1.000 
0.966 0.977 1.000 
0.954 0.977 1.000 
0.966 0.989 1.000 
0.966 0.989 1.000 
0.966 0.989 1.000 
0.966 0.989 1.000 
0.966 0.989 1.000 
0.966 0.989 1.000 
0.966 0.989 1.000 
0.966 0.989 1.000 
0.966 0.977 1.000 
0.931 0.977 1.000 
0.966 0.977 1.000 
0.966 0.989 1.000 
0.966 0.989 1.000 
0.966 0.989 1.000 
0.966 0.989 1.000 
0.966 0.989 1.000 
0.966 0.989 1.000 
0.966 0.989 1.000 
0.966 0.989 1.000 
0.966 0.989 1.000 
0.966 0.989 1.000 
0.920 0.977 1.000 
0.954 0.977 1.000 
0.966 0.989 1.000 
0.943 0.977 1.000 
0.943 0.977 1.000 
0.966 0.977 1.000 
0.966 0.977 1.000 
0.966 0.989 1.000 
0.966 0.989 1.000 
0.966 0.989 1.000 
0.966 0.989 1.000 
0.966 0.989 1.000 
0.966 0.989 1.000 
0.966 0.989 1.000 
0.977 0.989 1.000 
0.966 0.989 1.000 
0.966 0.989 1.000 
0.954 0.977 1.000 
0.943 0.977 1.000 
0.943 0.977 1.000 
0.966 0.989 1.000 
0.931 0.977 1.000 
0.931 0.977 1.000 
0.966 1.000 1.000 
0.966 1.000 1.000 
0.943 0.977 1.000 
0.966 0.989 1.000 
0.966 0.977 1.000 
0.966 1.000 1.000 
0.966 0.989 1.000 
0.966 0.977 1.000 
0.920 0.977 1.000 
0.943 0.977 1.000 
0.966 0.989 1.000 
0.977 0.989 1.000 
0.966 0.977 1.000 
0.966 0.977 1.000 
0.954 0.977 1.000 
0.966 0.977 1.000 
0.966 0.989 1.000 
0.966 0.989 1.000 
0.966 0.977 1.000 
0.966 0.989 1.000 
0.966 0.989 1.000 
0.977 0.989 1.000 
0.966 0.989 1.000 
0.966 0.989 1.000 
0.966 0.977 1.000 
0.966 0.989 1.000 
0.966 1.000 1.000 
0.943 0.977 1.000 
0.966 0.989 1.000 
0.966 0.989 1.000 
0.966 0.989 1.000 
0.977 1.000 1.000 
0.966 1.000 1.000 
0.966 1.000 1.000 
0.966 0.989 1.000 
0.966 0.989 1.000 
0.966 0.989 1.000 
0.943 0.977 1.000 
0.966 0.977 1.000 
0.966 0.977 1.000 
0.966 0.977 1.000 
0.954 0.977 1.000 
0.966 0.977 1.000 
0.966 0.977 1.000 
0.966 0.989 1.000 
0.966 0.989 1.000 
0.966 0.977 1.000 
0.966 0.977 1.000 
0.954 0.977 1.000 
0.966 0.989 1.000 
0.966 0.989 1.000 
0.977 0.989 1.000 
0.966 0.989 1.000 
0.954 0.977 1.000 
0.943 0.977 1.000 
0.943 0.977 1.000 
0.966 0.977 1.000 
0.966 0.977 1.000 
0.943 0.977 1.000 
0.954 0.977 1.000 
0.966 0.989 1.000 
0.966 0.977 1.000 
0.966 0.989 1.000 
0.966 0.989 1.000 
0.943 0.977 1.000 
0.954 0.977 1.000 
0.966 0.977 1.000 
0.977 0.989 1.000 
0.966 0.989 1.000 
0.966 0.989 1.000 
0.966 0.989 1.000 
0.966 0.989 1.000 
0.977 0.989 1.000 
0.966 0.989 1.000 
0.966 0.977 1.000 
0.931 0.977 1.000 
0.966 0.977 1.000 
0.966 0.989 1.000 
0.966 0.989 1.000 
0.966 0.989 1.000 
0.954 0.977 1.000 
0.943 0.977 1.000 
0.966 0.989 1.000 
0.966 0.989 1.000 
0.977 0.989 1.000 
0.977 0.989 1.000 
0.977 0.989 1.000 
0.966 0.989 1.000 
0.966 0.989 1.000 
0.966 0.977 1.000 
0.966 0.989 1.000 
0.966 0.977 1.000 
0.966 0.977 1.000 
0.966 0.977 1.000 
0.977 0.989 1.000 
0.977 0.989 1.000 
0.966 0.989 1.000 
0.977 0.989 1.000 
0.977 0.989 1.000 
0.966 0.977 1.000 
0.966 0.977 1.000 
0.966 0.989 1.000 
0.977 0.989 1.000 
0.977 0.989 1.000 
0.966 0.977 1.000 
0.966 0.989 1.000 
0.966 0.989 1.000 
0.966 0.989 1.000 
0.966 0.977 1.000 
0.966 0.977 1.000 
0.966 0.989 1.000 
0.977 0.989 1.000 
0.977 0.989 1.000 
0.977 0.989 1.000 
0.966 0.989 1.000 
0.966 0.989 1.000 
0.966 0.989 1.000 
0.966 0.977 1.000 
0.966 0.977 1.000 
0.966 0.977 1.000 
0.966 0.977 1.000 
0.954 0.977 1.000 
0.966 0.977 1.000 
0.966 0.977 1.000 
0.977 0.989 1.000 
0.966 0.989 1.000 
0.966 0.989 1.000 
0.966 0.989 1.000 
0.966 0.977 1.000 
0.966 0.989 1.000 
0.954 0.989 1.000 
0.966 0.989 1.000 
0.966 0.989 1.000 
0.966 0.989 1.000 
0.966 0.989 1.000 
0.966 0.977 1.000 
0.966 0.977 1.000 
0.977 0.989 1.000 
0.977 1.000 1.000 
0.977 0.989 1.000 
0.966 0.977 1.000 
