0.669 0.617 0.690 0.497 0.000 0.000 0.000 
0.675 0.543 0.686 0.549 0.034 0.069 0.000 
0.641 0.630 0.699 0.462 0.000 0.000 0.000 
0.629 0.662 0.718 0.467 0.000 0.000 0.000 
0.610 0.672 0.702 0.528 0.000 0.046 0.172 
0.616 0.690 0.822 0.446 0.000 0.023 0.023 
0.599 0.695 0.816 0.487 0.092 0.115 0.471 
0.583 0.687 0.811 0.508 0.000 0.034 0.069 
0.593 0.691 0.624 0.621 0.609 0.667 0.885 
0.605 0.685 0.656 0.595 0.724 0.816 0.989 
0.597 0.722 0.962 0.487 0.000 0.034 0.034 
0.574 0.719 1.104 0.456 0.046 0.115 0.241 
0.573 0.713 0.667 0.569 0.920 0.954 1.000 
0.545 0.714 0.626 0.646 0.736 0.839 0.989 
0.549 0.709 0.730 0.631 0.046 0.115 0.172 
0.579 0.727 0.676 0.646 0.920 0.931 1.000 
0.669 0.617 0.690 0.497 0.000 0.000 0.000 
0.675 0.548 0.686 0.549 0.011 0.023 0.023 
0.642 0.627 0.699 0.472 0.000 0.000 0.000 
0.630 0.663 0.715 0.472 0.000 0.000 0.000 
0.611 0.668 0.705 0.518 0.000 0.011 0.034 
0.616 0.692 0.845 0.446 0.000 0.011 0.000 
0.602 0.691 0.886 0.462 0.103 0.057 0.092 
0.583 0.695 0.972 0.462 0.000 0.011 0.000 
0.594 0.696 0.880 0.487 0.195 0.138 0.218 
0.603 0.690 0.660 0.610 0.563 0.609 0.667 
0.601 0.716 0.936 0.487 0.000 0.011 0.034 
0.576 0.718 0.978 0.467 0.230 0.184 0.299 
0.573 0.714 0.733 0.559 0.747 0.747 0.851 
0.543 0.706 0.847 0.528 0.989 0.989 1.000 
0.549 0.714 0.791 0.595 0.011 0.046 0.046 
0.578 0.725 0.927 0.533 0.989 0.989 1.000 
0.550 0.702 0.630 0.646 0.736 0.690 0.816 
0.550 0.725 0.638 0.687 0.977 0.966 1.000 
0.571 0.720 0.799 0.564 0.253 0.253 0.322 
0.555 0.725 0.820 0.528 0.851 0.782 0.908 
0.545 0.747 0.588 0.682 1.000 0.977 1.000 
0.525 0.729 0.613 0.672 0.609 0.644 0.805 
0.537 0.751 1.321 0.554 1.000 1.000 1.000 
0.576 0.706 0.995 0.513 0.034 0.046 0.046 
0.525 0.729 1.126 0.492 0.264 0.195 0.310 
0.511 0.745 0.737 0.600 0.759 0.805 0.828 
0.533 0.746 0.599 0.672 1.000 0.977 1.000 
0.529 0.759 0.710 0.610 0.552 0.621 0.667 
0.522 0.757 0.987 0.497 0.149 0.138 0.207 
0.502 0.746 0.725 0.595 0.943 0.931 0.977 
0.528 0.757 0.653 0.703 0.632 0.621 0.793 
0.536 0.736 0.575 0.703 1.000 1.000 1.000 
0.486 0.770 0.634 0.672 0.793 0.747 0.874 
0.525 0.761 0.686 0.682 0.333 0.356 0.391 
0.504 0.774 0.642 0.656 1.000 1.000 1.000 
0.500 0.764 0.665 0.687 0.552 0.552 0.713 
0.499 0.755 0.582 0.728 0.839 0.793 0.897 
0.483 0.770 0.678 0.692 0.862 0.885 0.954 
0.550 0.765 0.758 0.651 0.230 0.184 0.287 
0.508 0.764 0.665 0.626 0.839 0.874 0.885 
0.458 0.787 0.649 0.672 0.632 0.609 0.701 
0.497 0.793 0.689 0.723 0.483 0.506 0.609 
0.495 0.748 0.675 0.646 0.977 0.989 0.989 
0.485 0.782 0.663 0.641 0.920 0.931 0.989 
0.530 0.754 0.782 0.626 0.276 0.195 0.322 
0.471 0.788 0.608 0.713 1.000 1.000 1.000 
0.476 0.770 0.578 0.728 0.989 0.989 1.000 
0.461 0.791 0.614 0.687 0.897 0.943 0.943 
0.459 0.787 0.779 0.656 0.448 0.414 0.609 
0.460 0.797 0.658 0.662 0.885 0.931 0.989 
0.456 0.805 0.713 0.610 1.000 1.000 1.000 
0.464 0.796 0.994 0.564 0.161 0.115 0.115 
0.467 0.793 1.184 0.518 0.299 0.276 0.379 
0.456 0.775 0.777 0.605 1.000 1.000 0.989 
0.453 0.802 0.542 0.728 1.000 1.000 1.000 
0.502 0.802 0.631 0.708 0.517 0.517 0.690 
0.470 0.787 0.947 0.559 0.805 0.874 0.920 
0.440 0.814 0.767 0.626 0.839 0.828 0.897 
0.443 0.796 0.821 0.615 0.322 0.379 0.494 
0.410 0.811 0.565 0.708 0.897 0.920 0.966 
0.419 0.801 0.521 0.744 0.931 0.954 1.000 
0.434 0.805 0.568 0.728 0.966 0.989 0.989 
0.440 0.815 0.659 0.703 0.264 0.264 0.391 
0.669 0.617 0.690 0.497 0.000 0.000 0.000 
0.675 0.544 0.686 0.544 0.069 0.069 0.011 
0.642 0.628 0.699 0.472 0.000 0.000 0.000 
0.629 0.664 0.711 0.477 0.000 0.000 0.000 
0.611 0.663 0.704 0.528 0.023 0.034 0.253 
0.614 0.687 0.826 0.446 0.000 0.023 0.046 
0.602 0.688 0.842 0.456 0.080 0.103 0.563 
0.586 0.695 0.810 0.497 0.023 0.034 0.069 
0.596 0.688 0.776 0.533 0.184 0.230 0.575 
0.607 0.682 0.717 0.559 0.655 0.655 0.966 
0.598 0.720 1.028 0.467 0.034 0.034 0.023 
0.575 0.716 1.112 0.462 0.057 0.126 0.253 
0.570 0.709 0.866 0.492 0.310 0.299 0.759 
0.548 0.711 0.782 0.538 0.989 0.989 1.000 
0.553 0.709 0.805 0.590 0.046 0.126 0.195 
