0.687 0.548 0.702 0.446
0.655 0.614 0.688 0.544
0.633 0.674 0.682 0.564
0.613 0.658 0.683 0.538
0.616 0.679 0.676 0.554
0.601 0.679 0.701 0.533
0.601 0.700 0.666 0.662
0.588 0.708 0.659 0.626
0.571 0.731 0.926 0.559
0.552 0.714 0.745 0.605
0.558 0.706 0.976 0.487
0.557 0.732 0.742 0.569
0.529 0.741 0.867 0.518
0.580 0.724 0.641 0.687
0.517 0.741 0.744 0.600
0.556 0.752 0.620 0.672
0.532 0.750 0.763 0.579
0.540 0.736 0.735 0.595
0.534 0.765 0.684 0.641
0.536 0.755 0.967 0.554
0.543 0.736 0.855 0.579
0.524 0.745 0.754 0.621
0.516 0.734 0.689 0.687
0.496 0.745 0.702 0.600
0.495 0.774 0.648 0.682
0.499 0.769 0.683 0.672
0.507 0.761 0.644 0.682
0.504 0.762 0.674 0.667
0.500 0.760 0.637 0.626
0.476 0.780 0.790 0.610
0.502 0.775 0.833 0.595
0.506 0.789 0.708 0.646
0.505 0.752 0.765 0.605
0.506 0.761 0.642 0.697
0.471 0.773 0.820 0.564
0.499 0.782 0.591 0.713
0.498 0.784 1.297 0.569
0.560 0.728 0.870 0.538
0.541 0.751 0.720 0.646
0.456 0.792 0.648 0.697
0.411 0.810 0.793 0.595
0.439 0.816 0.688 0.708
0.441 0.819 0.718 0.677
0.481 0.789 1.063 0.574
0.459 0.797 0.668 0.687
0.461 0.798 0.594 0.728
0.452 0.812 0.649 0.682
0.461 0.815 0.669 0.692
0.426 0.822 0.693 0.687
0.424 0.821 0.669 0.692
0.420 0.825 0.745 0.615
0.467 0.798 0.614 0.733
0.399 0.825 0.843 0.626
0.398 0.828 0.719 0.667
0.442 0.817 0.621 0.718
0.429 0.811 0.685 0.692
0.458 0.820 0.883 0.579
0.483 0.808 0.655 0.667
0.439 0.805 0.658 0.708
0.419 0.838 0.647 0.718
0.410 0.815 0.801 0.631
0.499 0.785 0.761 0.600
0.486 0.757 0.869 0.595
0.487 0.783 0.765 0.646
0.417 0.808 0.669 0.656
0.409 0.837 0.613 0.703
0.423 0.851 0.621 0.744
0.393 0.834 0.640 0.723
0.378 0.848 0.590 0.738
0.431 0.843 0.829 0.646
0.389 0.851 0.834 0.621
0.402 0.828 0.758 0.641
0.376 0.860 0.615 0.723
0.370 0.854 0.750 0.636
0.412 0.821 0.680 0.697
0.379 0.835 0.710 0.651
0.389 0.826 0.608 0.759
0.375 0.853 0.625 0.697
0.377 0.844 0.664 0.697
0.456 0.808 0.644 0.713
0.381 0.829 0.724 0.646
0.397 0.830 0.736 0.692
0.397 0.860 0.628 0.733
0.354 0.854 0.799 0.662
0.343 0.868 0.924 0.600
0.366 0.868 0.624 0.708
0.326 0.863 0.684 0.713
0.336 0.874 0.658 0.723
0.347 0.871 0.845 0.662
0.328 0.875 0.982 0.610
0.311 0.877 0.648 0.728
0.305 0.880 0.809 0.631
0.322 0.881 0.594 0.769
0.378 0.856 0.780 0.636
0.369 0.861 0.824 0.687
0.435 0.814 0.718 0.697
0.397 0.844 0.607 0.733
0.363 0.866 0.637 0.718
0.318 0.872 0.650 0.703
0.334 0.871 0.742 0.641
0.341 0.876 0.800 0.682
0.299 0.889 0.800 0.656
0.296 0.888 0.608 0.749
0.282 0.889 0.674 0.697
0.329 0.902 0.612 0.754
0.302 0.886 0.620 0.733
0.279 0.891 0.621 0.728
0.277 0.894 0.899 0.631
0.343 0.893 0.896 0.662
0.341 0.876 0.743 0.692
0.294 0.893 1.129 0.600
0.307 0.885 0.880 0.703
0.326 0.872 0.792 0.682
0.293 0.881 0.637 0.764
0.336 0.865 0.853 0.641
0.309 0.876 0.610 0.733
0.351 0.875 0.644 0.687
0.361 0.858 0.648 0.754
0.360 0.838 1.283 0.610
0.340 0.852 0.686 0.744
0.329 0.877 0.657 0.733
0.279 0.886 0.571 0.764
0.277 0.890 0.647 0.718
0.296 0.899 0.609 0.723
0.279 0.890 0.811 0.687
0.294 0.886 0.642 0.703
0.270 0.884 0.643 0.759
0.331 0.884 0.622 0.733
0.315 0.862 0.631 0.749
0.280 0.885 0.929 0.615
0.297 0.888 0.829 0.656
0.289 0.874 0.684 0.703
0.253 0.904 0.659 0.733
0.275 0.909 0.615 0.779
0.276 0.888 0.760 0.682
0.307 0.870 0.698 0.718
0.280 0.895 0.669 0.728
0.276 0.886 0.766 0.677
0.287 0.893 0.611 0.759
0.244 0.909 0.656 0.764
0.271 0.891 0.665 0.744
0.316 0.898 0.712 0.733
0.332 0.861 0.762 0.708
0.276 0.881 0.799 0.615
0.268 0.900 0.695 0.728
0.258 0.904 0.736 0.713
0.253 0.898 0.667 0.728
0.311 0.893 0.607 0.744
0.328 0.885 0.824 0.636
0.326 0.845 0.701 0.749
0.265 0.894 0.724 0.728
0.299 0.886 0.756 0.703
0.312 0.890 0.790 0.687
0.307 0.890 0.870 0.697
0.257 0.894 0.812 0.708
0.273 0.912 0.609 0.774
0.247 0.893 0.716 0.677
0.265 0.903 0.655 0.744
0.255 0.898 0.720 0.749
0.237 0.916 0.792 0.708
0.253 0.899 0.961 0.682
0.273 0.903 0.675 0.708
0.255 0.895 0.760 0.718
0.239 0.902 0.928 0.672
0.245 0.922 0.642 0.708
0.263 0.902 0.604 0.749
0.301 0.902 0.751 0.697
0.313 0.895 0.774 0.687
0.284 0.883 0.612 0.744
0.304 0.895 0.671 0.703
0.287 0.880 1.253 0.533
0.275 0.879 0.608 0.779
0.275 0.907 0.607 0.759
0.267 0.905 0.945 0.636
0.245 0.899 0.669 0.723
0.305 0.903 0.748 0.713
0.388 0.849 0.700 0.708
0.249 0.894 0.786 0.733
0.229 0.916 0.697 0.728
0.215 0.916 0.731 0.697
0.222 0.912 0.666 0.733
0.204 0.927 0.948 0.713
0.238 0.926 1.313 0.585
0.240 0.907 0.690 0.713
0.254 0.911 0.722 0.749
0.282 0.895 0.618 0.754
0.264 0.899 0.678 0.708
0.246 0.895 0.792 0.697
0.212 0.911 0.701 0.728
0.222 0.917 0.690 0.744
0.225 0.925 0.687 0.723
0.260 0.902 0.748 0.733
0.267 0.895 1.031 0.667
0.299 0.872 0.708 0.682
0.254 0.916 0.732 0.692
0.264 0.898 0.669 0.738
0.274 0.883 1.058 0.656
0.302 0.891 0.795 0.682
0.262 0.888 0.828 0.697
0.314 0.894 1.931 0.579
0.395 0.851 0.976 0.682
0.245 0.904 0.858 0.626
0.205 0.921 0.570 0.764
0.206 0.935 0.613 0.749
0.219 0.927 0.628 0.733
0.216 0.930 0.602 0.749
0.251 0.911 0.862 0.703
0.246 0.916 0.627 0.764
0.214 0.931 0.633 0.738
0.218 0.931 0.678 0.697
0.176 0.941 0.892 0.656
0.180 0.941 0.603 0.749
0.170 0.939 0.622 0.764
0.184 0.943 0.630 0.749
0.205 0.928 0.833 0.682
0.201 0.935 0.681 0.723
0.213 0.923 0.616 0.764
0.247 0.905 0.747 0.723
0.233 0.908 0.615 0.754
0.253 0.921 0.607 0.749
0.265 0.899 1.036 0.626
0.210 0.916 0.878 0.703
0.193 0.934 0.759 0.754
0.184 0.928 0.683 0.749
0.200 0.916 0.658 0.744
0.229 0.921 0.700 0.749
0.185 0.932 0.650 0.718
0.203 0.920 0.706 0.785
0.211 0.923 0.596 0.749
0.201 0.923 0.624 0.749
0.193 0.937 0.627 0.774
0.194 0.921 0.610 0.759
0.209 0.923 0.686 0.723
0.213 0.923 0.751 0.738
0.197 0.930 0.848 0.697
0.217 0.927 0.758 0.703
0.239 0.928 0.661 0.764
0.193 0.914 0.846 0.687
0.208 0.927 0.676 0.774
0.245 0.928 1.331 0.651
0.239 0.904 0.673 0.754
0.172 0.939 0.797 0.733
0.178 0.945 0.722 0.723
0.182 0.927 0.597 0.754
0.258 0.925 0.579 0.749
0.237 0.902 0.898 0.687
0.227 0.902 0.730 0.744
0.261 0.911 0.805 0.718
0.212 0.897 0.818 0.687
0.236 0.922 0.691 0.785
0.220 0.926 0.843 0.708
0.178 0.931 0.638 0.744
0.191 0.936 0.835 0.728
0.185 0.936 0.657 0.733
0.196 0.934 0.677 0.759
0.174 0.939 0.671 0.728
0.207 0.936 0.638 0.764
0.163 0.941 0.688 0.713
0.183 0.930 0.684 0.697
0.188 0.917 0.616 0.764
0.171 0.939 0.668 0.733
0.173 0.940 0.680 0.769
0.194 0.943 0.671 0.769
0.164 0.937 0.748 0.723
0.177 0.934 0.643 0.785
0.173 0.931 0.655 0.764
0.185 0.944 0.964 0.718
0.193 0.917 0.695 0.744
0.156 0.944 0.546 0.769
0.156 0.950 0.656 0.733
0.165 0.925 0.662 0.754
0.159 0.934 0.633 0.703
0.170 0.944 0.719 0.708
0.171 0.928 0.612 0.749
0.183 0.943 0.636 0.774
0.179 0.931 0.659 0.764
0.153 0.945 0.718 0.769
0.215 0.944 0.731 0.713
0.238 0.907 0.966 0.703
0.194 0.931 0.673 0.769
0.195 0.926 0.582 0.764
0.189 0.935 0.645 0.754
0.210 0.936 0.791 0.703
0.193 0.923 0.744 0.713
0.228 0.937 0.690 0.749
0.289 0.895 0.892 0.703
0.221 0.913 0.791 0.697
0.201 0.932 0.814 0.692
0.151 0.944 0.769 0.738
0.160 0.945 0.745 0.728
0.149 0.949 0.684 0.764
0.174 0.928 0.620 0.759
0.153 0.946 0.726 0.749
0.159 0.943 0.632 0.754
0.175 0.931 0.683 0.790
0.202 0.934 1.115 0.656
0.230 0.913 0.697 0.754
0.198 0.923 0.712 0.713
0.196 0.926 0.829 0.677
0.199 0.928 0.791 0.754
0.166 0.931 0.730 0.728
0.148 0.958 0.653 0.764
0.211 0.936 0.733 0.738
0.141 0.943 0.976 0.733
0.130 0.958 0.715 0.708
0.165 0.953 0.635 0.754
0.188 0.934 0.657 0.744
0.160 0.950 0.685 0.779
0.155 0.939 0.639 0.733
0.147 0.940 0.686 0.749
0.145 0.949 0.662 0.738
0.161 0.949 0.646 0.728
0.154 0.951 1.026 0.718
0.130 0.944 0.708 0.733
0.136 0.953 0.630 0.754
0.126 0.949 0.647 0.764
0.116 0.958 0.651 0.723
0.135 0.957 0.659 0.754
0.164 0.945 0.622 0.764
0.177 0.931 0.635 0.749
0.149 0.954 0.900 0.723
0.158 0.934 0.619 0.759
0.123 0.957 0.625 0.754
0.141 0.953 0.670 0.769
0.133 0.950 0.652 0.738
0.161 0.950 0.653 0.764
0.162 0.926 0.704 0.769
0.133 0.951 0.606 0.764
0.134 0.954 0.680 0.779
0.178 0.949 0.785 0.733
0.152 0.943 0.671 0.785
0.189 0.946 0.718 0.759
0.222 0.930 1.437 0.662
0.230 0.917 0.765 0.759
0.245 0.902 1.394 0.631
0.134 0.953 0.722 0.733
0.127 0.963 0.663 0.749
0.187 0.954 0.853 0.682
0.203 0.934 0.849 0.728
0.140 0.944 0.881 0.733
0.130 0.950 0.808 0.764
0.129 0.953 0.754 0.769
0.146 0.946 0.670 0.769
0.230 0.950 0.620 0.785
0.171 0.943 1.078 0.631
0.134 0.948 0.652 0.744
0.129 0.954 0.784 0.718
0.138 0.959 0.637 0.785
0.130 0.957 0.664 0.779
0.133 0.957 0.701 0.733
0.161 0.949 0.637 0.774
0.164 0.935 0.747 0.749
0.149 0.944 0.692 0.759
0.139 0.946 0.707 0.738
0.149 0.945 0.745 0.703
0.139 0.944 0.691 0.733
0.120 0.955 0.675 0.779
0.157 0.958 0.645 0.749
0.125 0.951 0.749 0.749
0.136 0.951 0.666 0.749
0.125 0.955 0.716 0.744
0.125 0.957 0.661 0.738
0.120 0.954 0.730 0.759
0.122 0.959 1.099 0.672
0.201 0.949 0.923 0.713
0.183 0.945 0.782 0.754
0.130 0.949 0.644 0.764
0.128 0.953 0.592 0.769
0.115 0.969 0.705 0.759
0.111 0.964 0.677 0.723
0.105 0.964 0.718 0.733
0.121 0.966 0.611 0.769
0.160 0.969 0.679 0.749
0.188 0.954 0.728 0.728
0.128 0.937 0.715 0.744
0.110 0.963 0.650 0.749
0.118 0.949 0.675 0.764
0.161 0.959 0.714 0.733
0.129 0.943 0.724 0.697
0.128 0.964 0.733 0.754
0.129 0.953 0.675 0.754
0.125 0.958 0.655 0.759
0.125 0.959 0.742 0.738
0.147 0.948 0.770 0.754
0.123 0.959 0.683 0.764
0.109 0.957 0.726 0.749
0.108 0.959 0.735 0.749
0.141 0.955 0.739 0.759
0.117 0.958 0.656 0.744
0.144 0.949 0.650 0.728
0.142 0.953 0.793 0.723
0.172 0.937 0.789 0.779
0.200 0.935 0.768 0.728
0.136 0.932 0.891 0.728
0.098 0.968 0.672 0.759
0.097 0.968 0.618 0.728
0.095 0.960 0.725 0.738
0.120 0.963 0.672 0.744
0.130 0.948 0.725 0.795
0.121 0.963 0.750 0.733
0.114 0.958 0.746 0.728
0.108 0.969 0.677 0.754
0.118 0.958 0.659 0.774
0.128 0.963 0.684 0.738
0.137 0.955 0.874 0.723
0.130 0.960 0.732 0.769
0.115 0.957 0.753 0.759
0.122 0.967 0.736 0.744
0.137 0.962 0.774 0.728
0.186 0.953 0.725 0.754
0.161 0.939 0.697 0.733
0.127 0.958 0.761 0.713
0.095 0.967 0.774 0.723
0.103 0.969 0.689 0.754
0.140 0.968 0.727 0.764
0.145 0.951 0.753 0.759
0.100 0.963 0.767 0.738
0.100 0.969 0.678 0.774
0.108 0.963 0.668 0.774
0.112 0.967 0.690 0.749
0.101 0.962 0.772 0.769
0.142 0.968 0.680 0.738
0.169 0.962 0.668 0.764
0.114 0.959 0.738 0.738
0.122 0.960 0.673 0.738
0.112 0.967 0.683 0.779
0.104 0.964 0.822 0.759
0.124 0.969 0.681 0.759
0.132 0.959 0.757 0.774
0.124 0.960 0.880 0.708
0.094 0.963 0.797 0.733
0.097 0.973 0.700 0.759
0.114 0.968 0.693 0.744
0.143 0.958 0.680 0.733
0.107 0.960 0.743 0.733
0.118 0.958 0.766 0.749
0.135 0.959 0.895 0.738
0.100 0.963 0.793 0.733
0.113 0.967 0.691 0.774
0.157 0.958 0.886 0.774
0.211 0.939 0.957 0.713
0.126 0.946 0.765 0.718
0.127 0.957 0.683 0.754
0.150 0.964 1.115 0.662
0.200 0.960 0.972 0.728
0.175 0.955 0.728 0.738
0.151 0.967 0.699 0.774
0.125 0.968 0.629 0.754
0.122 0.955 0.801 0.728
0.134 0.968 0.687 0.774
0.101 0.967 0.812 0.738
0.092 0.968 0.692 0.785
0.091 0.966 0.670 0.754
0.096 0.966 0.708 0.754
0.109 0.971 0.783 0.738
0.139 0.959 0.749 0.749
0.141 0.966 0.866 0.749
0.119 0.953 0.768 0.774
0.109 0.963 0.914 0.697
0.125 0.966 0.991 0.687
0.114 0.954 0.777 0.733
0.126 0.963 0.677 0.774
0.092 0.971 0.734 0.779
0.098 0.968 1.006 0.754
0.131 0.968 0.702 0.764
0.120 0.955 0.722 0.764
0.097 0.971 0.697 0.779
0.089 0.980 0.685 0.785
0.099 0.969 0.653 0.785
0.086 0.968 0.682 0.774
0.089 0.977 0.806 0.774
0.091 0.981 0.749 0.785
0.099 0.968 0.873 0.733
0.089 0.964 0.834 0.754
0.084 0.971 0.683 0.774
0.116 0.976 0.848 0.764
0.133 0.949 0.777 0.785
0.092 0.976 0.766 0.785
0.115 0.971 0.735 0.764
0.079 0.973 0.805 0.785
0.133 0.973 0.794 0.759
0.124 0.967 0.962 0.718
0.096 0.972 0.725 0.785
0.198 0.963 0.811 0.754
0.208 0.939 1.382 0.703
0.125 0.950 0.936 0.754
0.109 0.968 0.776 0.785
0.095 0.967 0.724 0.759
0.097 0.974 0.971 0.677
0.104 0.964 0.704 0.754
0.095 0.968 0.782 0.759
0.091 0.971 0.685 0.754
0.107 0.972 0.728 0.779
0.161 0.962 1.105 0.708
0.148 0.941 1.166 0.646
0.098 0.964 0.744 0.769
0.100 0.972 0.882 0.754
0.101 0.962 0.723 0.769
0.094 0.971 0.718 0.785
0.106 0.974 0.846 0.723
0.095 0.968 0.787 0.749
0.078 0.973 0.817 0.764
0.132 0.977 0.762 0.764
0.075 0.974 0.860 0.738
0.087 0.973 0.717 0.790
0.090 0.973 0.788 0.728
0.090 0.968 0.718 0.769
0.090 0.976 0.707 0.764
0.118 0.969 0.719 0.764
0.111 0.971 0.889 0.749
0.121 0.969 0.923 0.692
0.080 0.973 0.762 0.723
0.086 0.978 0.718 0.749
0.183 0.976 0.770 0.749
0.106 0.971 0.753 0.749
0.176 0.966 0.862 0.785
0.107 0.960 0.879 0.744
0.118 0.976 0.776 0.754
0.106 0.967 0.667 0.785
0.091 0.981 0.726 0.759
0.067 0.977 0.803 0.769
0.072 0.974 0.728 0.785
0.082 0.971 0.697 0.764
0.088 0.974 0.815 0.759
0.085 0.969 0.807 0.738
0.095 0.967 0.800 0.764
0.086 0.969 0.837 0.779
0.075 0.977 0.819 0.774
0.102 0.973 0.710 0.779
0.081 0.972 0.703 0.779
0.076 0.976 0.758 0.785
0.072 0.973 0.755 0.790
0.076 0.973 0.655 0.779
0.120 0.967 0.690 0.774
0.114 0.968 0.772 0.764
0.087 0.976 0.783 0.764
0.077 0.974 0.787 0.790
0.091 0.976 0.681 0.749
0.077 0.972 0.730 0.759
0.072 0.974 0.696 0.779
0.079 0.976 0.709 0.790
0.072 0.981 0.746 0.790
0.093 0.974 0.780 0.779
0.095 0.977 0.781 0.764
0.102 0.969 0.765 0.785
0.092 0.971 1.000 0.744
0.094 0.978 0.809 0.769
0.123 0.973 0.713 0.759
0.122 0.960 0.702 0.795
0.170 0.967 1.303 0.626
0.084 0.973 0.785 0.795
0.079 0.971 0.757 0.769
0.081 0.974 0.715 0.779
0.094 0.973 0.679 0.769
0.082 0.971 0.668 0.779
0.088 0.976 0.683 0.774
0.072 0.980 0.806 0.769
0.082 0.980 0.893 0.733
0.083 0.971 0.865 0.749
0.079 0.977 0.720 0.769
0.096 0.972 0.772 0.769
0.075 0.973 0.767 0.774
0.078 0.973 0.809 0.785
0.065 0.976 0.771 0.754
0.099 0.974 0.711 0.785
0.101 0.977 0.699 0.769
0.094 0.972 0.756 0.774
0.108 0.971 0.838 0.759
0.085 0.960 0.752 0.779
0.088 0.973 0.788 0.759
0.106 0.969 0.842 0.779
0.151 0.976 0.737 0.769
0.118 0.959 0.967 0.723
0.070 0.974 0.972 0.718
0.092 0.973 0.724 0.728
0.103 0.973 0.846 0.744
0.091 0.976 0.967 0.749
0.073 0.974 0.782 0.764
0.096 0.978 0.709 0.779
0.118 0.966 0.791 0.759
0.086 0.964 0.832 0.769
0.084 0.969 0.745 0.769
0.071 0.977 0.767 0.774
0.083 0.969 0.852 0.759
0.076 0.977 0.787 0.774
0.096 0.981 0.852 0.774
0.072 0.978 0.826 0.754
0.072 0.977 0.793 0.759
0.074 0.981 0.745 0.769
0.077 0.976 0.821 0.790
0.080 0.972 0.764 0.754
0.080 0.980 0.840 0.738
0.085 0.964 0.891 0.744
0.061 0.980 0.720 0.769
0.079 0.977 0.757 0.779
0.110 0.978 0.934 0.733
0.071 0.986 0.771 0.779
0.092 0.973 0.802 0.749
0.144 0.963 0.745 0.759
0.079 0.971 0.861 0.764
0.099 0.981 0.778 0.749
0.089 0.981 0.739 0.779
0.071 0.978 0.816 0.779
0.076 0.978 0.761 0.795
0.064 0.982 0.819 0.754
0.142 0.974 0.760 0.769
0.072 0.982 0.852 0.744
0.059 0.983 0.793 0.769
0.118 0.982 0.768 0.790
0.081 0.976 0.827 0.790
0.066 0.980 0.826 0.769
0.062 0.981 0.776 0.764
0.111 0.973 0.751 0.779
0.121 0.974 1.074 0.718
0.086 0.971 0.822 0.774
0.064 0.978 0.809 0.769
0.096 0.982 0.744 0.764
0.117 0.976 0.681 0.779
0.086 0.973 0.726 0.774
0.098 0.972 0.721 0.759
0.074 0.982 0.755 0.785
0.068 0.977 0.821 0.790
0.070 0.981 0.760 0.779
0.068 0.982 0.781 0.785
0.090 0.974 0.809 0.779
0.065 0.981 0.904 0.744
0.098 0.974 0.793 0.769
0.071 0.972 1.032 0.738
0.063 0.980 0.720 0.779
0.067 0.981 0.804 0.769
0.056 0.982 0.795 0.774
0.070 0.982 0.877 0.769
0.136 0.972 0.758 0.769
0.091 0.971 0.866 0.759
0.066 0.977 0.786 0.764
0.060 0.978 0.783 0.769
0.069 0.980 0.793 0.769
0.104 0.983 0.688 0.774
0.104 0.981 0.779 0.785
0.066 0.985 0.986 0.733
0.077 0.980 0.843 0.774
0.096 0.980 0.840 0.790
0.067 0.981 0.823 0.754
0.070 0.974 0.756 0.790
0.054 0.980 0.835 0.774
0.078 0.983 0.708 0.764
0.071 0.981 0.807 0.754
0.125 0.982 0.876 0.764
0.065 0.980 0.835 0.733
0.083 0.977 0.709 0.749
0.062 0.982 0.810 0.744
0.058 0.985 0.824 0.749
0.059 0.986 0.785 0.779
0.082 0.976 0.839 0.779
0.087 0.981 0.897 0.769
0.064 0.977 0.844 0.759
0.062 0.980 0.843 0.774
0.056 0.980 0.824 0.785
0.055 0.980 0.849 0.779
0.090 0.977 0.793 0.785
0.074 0.976 0.898 0.769
0.150 0.977 0.776 0.779
0.070 0.974 0.811 0.774
0.066 0.981 0.764 0.779
0.087 0.983 0.801 0.764
0.078 0.974 0.788 0.754
0.062 0.974 0.815 0.764
0.075 0.976 0.772 0.774
0.059 0.986 0.804 0.769
0.061 0.982 0.745 0.785
0.053 0.986 0.838 0.764
0.057 0.986 0.871 0.790
0.064 0.980 0.738 0.790
0.090 0.980 0.887 0.774
0.108 0.977 1.117 0.697
0.085 0.978 0.856 0.774
0.057 0.981 0.752 0.790
0.079 0.978 0.830 0.759
0.056 0.983 0.899 0.754
0.050 0.986 0.865 0.785
0.064 0.981 0.777 0.769
0.061 0.985 0.817 0.764
0.086 0.981 0.751 0.769
0.073 0.976 1.018 0.744
0.086 0.980 0.882 0.769
0.072 0.973 0.850 0.779
0.099 0.985 0.827 0.764
0.080 0.972 1.069 0.713
0.072 0.981 0.843 0.764
0.058 0.983 0.822 0.774
0.057 0.987 0.796 0.764
0.071 0.982 0.817 0.759
0.094 0.976 0.947 0.713
0.066 0.974 0.749 0.774
0.076 0.974 0.821 0.774
0.061 0.980 0.769 0.805
0.065 0.981 0.848 0.764
0.105 0.973 0.856 0.769
0.109 0.977 0.951 0.738
0.052 0.983 0.850 0.738
0.081 0.981 0.729 0.769
0.094 0.982 0.837 0.790
0.075 0.976 0.757 0.815
0.062 0.978 0.873 0.769
0.072 0.981 0.785 0.774
0.055 0.983 0.800 0.785
0.062 0.983 0.762 0.769
0.051 0.985 0.735 0.779
0.111 0.976 0.789 0.764
0.098 0.974 0.880 0.774
0.062 0.977 0.936 0.728
0.064 0.982 0.858 0.764
0.052 0.982 0.783 0.790
0.063 0.981 0.730 0.774
0.077 0.983 0.715 0.785
0.073 0.987 0.759 0.779
0.087 0.981 0.709 0.769
0.062 0.980 0.745 0.769
0.068 0.985 0.738 0.774
0.052 0.981 0.866 0.785
0.068 0.976 0.825 0.795
0.057 0.978 0.770 0.759
0.102 0.980 0.768 0.749
0.085 0.980 0.780 0.774
0.083 0.981 0.867 0.795
0.091 0.977 0.890 0.779
0.050 0.985 0.992 0.759
0.113 0.978 0.886 0.769
0.066 0.980 0.848 0.764
0.063 0.982 0.788 0.759
0.055 0.985 0.825 0.764
0.068 0.986 0.801 0.754
0.056 0.983 0.881 0.744
0.051 0.985 0.848 0.754
0.073 0.985 0.759 0.769
0.067 0.981 0.800 0.764
0.052 0.982 0.751 0.785
0.066 0.978 0.841 0.785
0.179 0.977 0.764 0.779
0.057 0.976 0.896 0.749
0.052 0.986 0.781 0.764
0.053 0.986 0.808 0.759
0.060 0.981 0.813 0.764
0.072 0.977 0.765 0.785
0.060 0.985 0.836 0.790
0.058 0.985 0.854 0.769
0.067 0.985 0.777 0.769
0.081 0.978 0.745 0.764
0.054 0.980 0.956 0.754
0.068 0.987 0.752 0.769
0.064 0.983 0.846 0.785
0.078 0.977 0.740 0.774
0.054 0.990 0.749 0.774
0.064 0.985 0.817 0.769
0.066 0.989 0.806 0.769
0.060 0.977 0.764 0.774
0.119 0.980 0.853 0.764
0.067 0.983 0.793 0.754
0.058 0.981 0.829 0.769
0.088 0.983 0.803 0.785
0.058 0.985 0.778 0.785
0.056 0.982 0.887 0.749
0.092 0.977 1.001 0.733
0.083 0.978 0.966 0.733
0.061 0.985 0.773 0.759
0.080 0.983 0.780 0.764
0.050 0.985 0.877 0.779
0.077 0.978 0.793 0.779
0.070 0.980 0.867 0.754
0.055 0.983 0.791 0.774
0.071 0.983 0.858 0.769
0.056 0.983 0.820 0.774
0.072 0.983 0.783 0.790
0.072 0.980 0.882 0.779
0.079 0.977 0.858 0.749
0.052 0.986 0.810 0.769
0.041 0.986 0.752 0.785
0.046 0.987 0.803 0.754
0.050 0.986 0.809 0.769
0.057 0.985 0.889 0.754
0.048 0.986 0.769 0.764
0.049 0.981 0.767 0.790
0.043 0.990 0.826 0.779
0.048 0.985 0.887 0.764
0.062 0.981 0.824 0.764
0.073 0.986 0.766 0.790
0.062 0.986 0.820 0.785
0.075 0.977 0.825 0.779
0.074 0.986 0.898 0.785
0.059 0.989 0.894 0.769
0.059 0.980 0.777 0.769
0.043 0.989 0.824 0.764
0.090 0.985 0.764 0.754
0.063 0.986 0.798 0.754
0.094 0.983 0.906 0.769
0.066 0.982 0.816 0.779
0.156 0.978 0.906 0.764
0.074 0.983 0.881 0.769
0.059 0.987 0.921 0.744
0.054 0.985 0.860 0.759
0.093 0.985 0.824 0.764
0.109 0.980 0.876 0.785
0.070 0.981 0.842 0.785
0.078 0.985 0.854 0.790
0.053 0.986 0.897 0.790
0.087 0.982 0.781 0.779
0.054 0.989 0.808 0.785
0.053 0.990 0.822 0.785
0.062 0.981 0.782 0.779
0.166 0.974 0.897 0.759
0.058 0.974 1.016 0.764
0.078 0.985 0.813 0.764
0.056 0.982 0.809 0.800
0.067 0.989 0.804 0.749
0.059 0.986 0.872 0.738
0.049 0.985 0.846 0.769
0.053 0.982 0.856 0.764
0.051 0.985 0.808 0.769
0.057 0.986 0.850 0.764
0.065 0.987 0.816 0.774
0.072 0.986 0.828 0.769
0.052 0.986 0.807 0.764
0.051 0.985 0.811 0.769
0.053 0.987 0.832 0.774
0.069 0.986 0.865 0.759
0.073 0.983 0.820 0.790
0.063 0.980 0.857 0.779
0.101 0.980 0.758 0.795
0.075 0.981 0.811 0.769
0.060 0.982 0.804 0.774
0.068 0.981 0.861 0.779
0.128 0.980 0.877 0.785
0.060 0.980 0.909 0.769
0.080 0.986 0.942 0.795
0.050 0.981 0.795 0.790
0.061 0.989 0.835 0.790
0.051 0.986 0.820 0.785
0.045 0.986 0.784 0.785
0.044 0.989 0.798 0.779
0.059 0.985 0.836 0.785
0.060 0.987 0.798 0.769
0.046 0.986 0.875 0.774
0.046 0.987 0.883 0.764
0.048 0.985 0.824 0.790
0.071 0.983 0.793 0.785
0.059 0.983 0.802 0.779
0.051 0.985 0.838 0.790
0.065 0.983 0.827 0.769
0.082 0.981 0.851 0.769
0.068 0.982 0.861 0.785
0.046 0.987 0.858 0.774
0.044 0.985 0.797 0.774
0.050 0.987 0.810 0.759
0.110 0.981 0.777 0.759
0.082 0.983 0.958 0.754
0.059 0.989 0.815 0.774
0.045 0.987 0.969 0.749
0.067 0.987 0.852 0.769
0.062 0.986 0.844 0.769
0.056 0.985 0.861 0.774
0.051 0.986 0.795 0.774
0.049 0.982 0.811 0.790
0.072 0.983 0.814 0.785
0.064 0.986 0.950 0.779
0.066 0.981 0.784 0.779
0.073 0.989 0.904 0.759
0.047 0.982 0.862 0.754
0.064 0.981 0.737 0.774
0.061 0.989 0.832 0.774
0.056 0.980 0.928 0.764
0.056 0.981 0.834 0.779
0.053 0.982 0.937 0.779
0.078 0.982 0.837 0.779
0.076 0.977 0.774 0.774
0.051 0.985 0.788 0.785
0.065 0.982 0.794 0.769
0.057 0.985 0.842 0.764
0.046 0.989 0.858 0.759
0.042 0.985 0.779 0.795
0.062 0.985 0.812 0.769
0.056 0.987 0.832 0.774
0.063 0.985 0.889 0.774
0.061 0.986 0.845 0.774
0.044 0.982 0.768 0.759
0.074 0.985 0.891 0.764
0.093 0.980 0.781 0.764
0.055 0.989 0.822 0.754
0.054 0.982 0.819 0.749
0.061 0.983 0.847 0.774
0.045 0.985 0.866 0.769
0.099 0.985 0.867 0.769
0.048 0.990 0.875 0.790
0.057 0.986 0.822 0.774
0.049 0.989 0.892 0.749
0.044 0.989 0.840 0.759
0.056 0.985 0.883 0.774
0.066 0.982 0.910 0.759
0.064 0.982 0.813 0.774
0.080 0.980 0.801 0.774
0.073 0.983 0.823 0.785
0.046 0.987 0.895 0.779
0.096 0.977 0.945 0.759
0.060 0.990 0.801 0.754
0.046 0.982 0.792 0.769
0.148 0.982 0.809 0.779
0.085 0.976 0.830 0.759
0.049 0.989 0.810 0.764
0.050 0.986 0.783 0.769
0.049 0.990 0.798 0.764
0.049 0.987 0.900 0.754
0.061 0.987 0.892 0.769
0.075 0.989 0.826 0.774
0.045 0.987 0.844 0.779
0.050 0.986 0.851 0.774
0.038 0.989 0.790 0.774
0.047 0.987 0.865 0.764
0.047 0.989 0.890 0.764
0.058 0.986 0.758 0.795
0.077 0.985 0.784 0.785
0.060 0.989 0.787 0.774
0.087 0.991 0.840 0.785
0.066 0.980 0.818 0.769
0.044 0.987 0.915 0.754
0.115 0.982 0.774 0.769
0.044 0.989 0.783 0.774
0.063 0.981 0.896 0.764
0.055 0.986 0.899 0.744
0.056 0.981 0.872 0.779
0.089 0.985 0.867 0.779
0.068 0.985 0.778 0.800
0.065 0.989 0.782 0.790
0.058 0.985 0.944 0.785
0.048 0.987 0.821 0.774
0.048 0.991 0.777 0.774
0.047 0.992 0.803 0.769
0.052 0.983 0.858 0.790
0.082 0.981 0.822 0.774
0.069 0.985 0.847 0.790
0.054 0.983 0.877 0.805
0.050 0.990 0.785 0.769
0.068 0.989 0.836 0.774
0.051 0.990 0.812 0.779
0.074 0.982 0.914 0.779
0.043 0.986 0.755 0.790
0.051 0.990 0.883 0.790
0.042 0.986 0.765 0.779
0.044 0.985 0.904 0.800
0.063 0.989 0.776 0.769
0.066 0.987 0.855 0.779
0.083 0.986 0.881 0.764
0.047 0.986 0.855 0.774
0.081 0.982 0.878 0.779
0.152 0.982 0.836 0.779
0.065 0.983 0.913 0.759
0.061 0.974 0.791 0.790
0.137 0.983 0.793 0.769
0.069 0.981 0.857 0.790
0.039 0.992 0.872 0.774
0.049 0.986 0.817 0.774
0.036 0.991 0.838 0.785
0.051 0.990 0.842 0.785
0.039 0.990 0.865 0.795
0.051 0.981 0.820 0.785
0.041 0.987 0.817 0.769
0.080 0.987 0.804 0.774
0.083 0.990 0.821 0.774
0.078 0.989 0.898 0.764
0.081 0.989 0.783 0.769
0.048 0.982 0.808 0.800
0.044 0.991 0.842 0.779
0.051 0.991 0.809 0.779
0.079 0.978 0.877 0.774
0.039 0.985 0.801 0.779
0.063 0.987 0.826 0.774
0.054 0.985 0.792 0.769
0.052 0.985 0.843 0.769
0.092 0.983 0.922 0.774
0.055 0.989 0.957 0.769
0.060 0.986 0.853 0.779
0.082 0.987 0.878 0.779
0.040 0.990 0.878 0.790
0.047 0.987 0.940 0.795
0.046 0.992 0.822 0.785
0.042 0.986 0.794 0.769
0.046 0.987 0.836 0.774
0.045 0.989 0.764 0.790
0.045 0.987 0.886 0.774
0.040 0.991 0.908 0.769
0.049 0.985 0.824 0.769
0.061 0.990 0.839 0.764
0.052 0.987 0.837 0.795
0.054 0.982 0.886 0.785
0.061 0.986 0.761 0.779
0.047 0.990 0.836 0.779
0.057 0.987 0.827 0.774
0.043 0.987 0.869 0.759
0.048 0.986 0.905 0.774
0.045 0.991 0.907 0.759
0.044 0.986 0.863 0.779
0.067 0.985 0.857 0.769
0.687 0.548 0.702 0.446
0.655 0.614 0.688 0.544
0.687 0.548 0.702 0.446
0.687 0.548 0.702 0.446
0.687 0.548 0.702 0.446
0.655 0.614 0.688 0.544
0.687 0.548 0.702 0.446
0.655 0.614 0.688 0.544
0.633 0.674 0.682 0.564
0.613 0.658 0.683 0.538
0.687 0.548 0.702 0.446
0.655 0.614 0.688 0.544
0.633 0.674 0.682 0.564
0.687 0.548 0.702 0.446
0.655 0.614 0.688 0.544
0.633 0.674 0.682 0.564
0.613 0.658 0.683 0.538
0.616 0.679 0.676 0.554
0.601 0.679 0.701 0.533
0.601 0.700 0.666 0.662
0.588 0.708 0.659 0.626
0.571 0.731 0.926 0.559
0.552 0.714 0.745 0.605
0.558 0.706 0.976 0.487
0.687 0.548 0.702 0.446
0.655 0.614 0.688 0.544
0.633 0.674 0.682 0.564
0.613 0.658 0.683 0.538
0.616 0.679 0.676 0.554
0.601 0.679 0.701 0.533
0.601 0.700 0.666 0.662
0.588 0.708 0.659 0.626
0.571 0.731 0.926 0.559
0.687 0.548 0.702 0.446
0.655 0.614 0.688 0.544
0.633 0.674 0.682 0.564
0.613 0.658 0.683 0.538
0.616 0.679 0.676 0.554
0.601 0.679 0.701 0.533
0.601 0.700 0.666 0.662
0.588 0.708 0.659 0.626
0.571 0.731 0.926 0.559
0.552 0.714 0.745 0.605
0.558 0.706 0.976 0.487
0.557 0.732 0.742 0.569
0.529 0.741 0.867 0.518
0.580 0.724 0.641 0.687
0.517 0.741 0.744 0.600
