0.675 0.581 0.693 0.446
0.658 0.618 0.688 0.595
0.637 0.660 0.686 0.590
0.625 0.682 0.702 0.508
0.591 0.688 0.695 0.503
0.593 0.708 0.687 0.574
0.579 0.716 0.679 0.615
0.563 0.716 0.662 0.600
0.555 0.720 0.741 0.533
0.559 0.719 0.952 0.497
0.569 0.710 0.921 0.554
0.565 0.731 0.864 0.574
0.565 0.710 0.765 0.590
0.544 0.728 0.789 0.579
0.538 0.729 0.710 0.651
0.515 0.761 0.589 0.682
0.523 0.746 0.924 0.559
0.510 0.757 0.609 0.687
0.502 0.764 0.870 0.533
0.519 0.761 0.721 0.600
0.488 0.756 0.775 0.626
0.512 0.762 1.152 0.554
0.470 0.760 0.618 0.646
0.478 0.762 0.703 0.677
0.480 0.775 0.752 0.641
0.526 0.768 0.670 0.641
0.484 0.785 0.620 0.621
0.448 0.793 0.849 0.559
0.471 0.774 0.618 0.718
0.492 0.778 0.632 0.662
0.519 0.747 0.626 0.677
0.492 0.778 0.742 0.590
0.488 0.782 1.105 0.538
0.486 0.782 0.670 0.656
0.455 0.779 0.766 0.646
0.466 0.794 0.578 0.708
0.446 0.799 0.580 0.682
0.456 0.785 0.600 0.723
0.466 0.773 0.865 0.610
0.429 0.807 0.623 0.692
0.451 0.803 0.576 0.723
0.440 0.793 0.554 0.718
0.407 0.821 0.653 0.723
0.448 0.792 0.743 0.585
0.443 0.806 0.812 0.600
0.535 0.778 0.648 0.677
0.448 0.805 0.648 0.697
0.470 0.802 0.719 0.692
0.425 0.798 0.644 0.692
0.473 0.797 0.568 0.754
0.478 0.792 0.567 0.744
0.505 0.793 0.568 0.718
0.488 0.769 0.592 0.703
0.462 0.794 0.547 0.713
0.418 0.805 0.720 0.646
0.442 0.811 0.629 0.687
0.452 0.798 0.941 0.579
0.412 0.803 0.664 0.667
0.428 0.826 0.586 0.744
0.486 0.821 0.550 0.733
0.422 0.811 0.757 0.636
0.414 0.820 0.577 0.718
0.454 0.814 0.536 0.749
0.458 0.802 0.807 0.569
0.445 0.806 0.524 0.723
0.404 0.835 0.574 0.728
0.431 0.828 0.630 0.728
0.387 0.837 0.582 0.723
0.423 0.819 0.566 0.738
0.410 0.838 0.591 0.718
0.430 0.845 0.540 0.738
0.389 0.851 0.713 0.662
0.430 0.845 0.601 0.718
0.436 0.812 0.664 0.697
0.444 0.808 0.575 0.754
0.453 0.828 0.567 0.754
0.444 0.802 0.651 0.718
0.399 0.854 0.641 0.728
0.402 0.829 0.580 0.713
0.385 0.840 0.563 0.708
0.415 0.833 0.500 0.769
0.432 0.830 0.692 0.713
0.381 0.829 0.557 0.713
0.357 0.852 0.575 0.733
0.356 0.857 0.586 0.697
0.369 0.837 0.918 0.585
0.423 0.843 0.558 0.738
0.369 0.840 0.809 0.682
0.367 0.865 0.543 0.759
0.351 0.851 0.540 0.723
0.348 0.849 0.633 0.728
0.377 0.877 0.686 0.703
0.374 0.851 0.646 0.728
0.449 0.834 0.557 0.749
0.414 0.838 0.639 0.718
0.378 0.840 0.548 0.728
0.340 0.852 0.538 0.723
0.345 0.852 0.598 0.749
0.346 0.857 0.782 0.697
0.346 0.853 0.737 0.682
0.330 0.862 0.619 0.749
0.367 0.879 0.870 0.610
0.336 0.858 0.560 0.754
0.351 0.860 0.539 0.754
0.378 0.861 1.014 0.564
0.381 0.867 0.562 0.733
0.334 0.857 0.810 0.677
0.366 0.876 0.884 0.621
0.324 0.868 0.649 0.749
0.321 0.875 0.723 0.692
0.330 0.856 0.680 0.708
0.350 0.880 0.706 0.723
0.323 0.870 0.625 0.718
0.319 0.866 0.933 0.631
0.359 0.852 0.741 0.682
0.397 0.856 0.913 0.615
0.351 0.867 0.709 0.713
0.370 0.868 0.525 0.805
0.364 0.865 0.574 0.754
0.351 0.871 0.588 0.728
0.357 0.867 0.642 0.723
0.334 0.884 0.524 0.774
0.331 0.879 0.468 0.774
0.384 0.885 0.672 0.718
0.408 0.844 0.639 0.749
0.336 0.877 0.659 0.723
0.317 0.886 0.576 0.774
0.319 0.875 0.582 0.749
0.317 0.870 0.649 0.631
0.337 0.877 0.489 0.785
0.363 0.885 0.620 0.697
0.368 0.848 0.655 0.738
0.388 0.854 0.583 0.754
0.393 0.877 0.678 0.713
0.332 0.852 0.818 0.656
0.310 0.863 0.569 0.764
0.286 0.890 0.601 0.764
0.299 0.879 0.598 0.754
0.314 0.891 0.938 0.703
0.281 0.877 0.766 0.662
0.277 0.893 0.534 0.774
0.281 0.886 0.789 0.687
0.318 0.879 0.587 0.764
0.326 0.868 0.585 0.779
0.326 0.868 0.949 0.631
0.299 0.894 0.602 0.749
0.297 0.877 1.094 0.600
0.289 0.884 0.532 0.790
0.316 0.888 0.605 0.764
0.316 0.885 0.683 0.621
0.319 0.858 0.869 0.682
0.301 0.888 0.506 0.779
0.323 0.883 0.709 0.744
0.298 0.885 0.855 0.615
0.285 0.877 0.843 0.656
0.302 0.890 0.618 0.744
0.338 0.877 0.605 0.728
0.337 0.856 0.643 0.713
0.270 0.889 0.571 0.738
0.256 0.908 0.638 0.738
0.301 0.889 0.519 0.779
0.297 0.889 0.648 0.744
0.324 0.890 0.658 0.713
0.328 0.885 0.647 0.728
0.343 0.884 0.558 0.779
0.368 0.852 0.660 0.728
0.339 0.874 0.662 0.713
0.296 0.889 0.683 0.749
0.295 0.877 0.600 0.713
0.278 0.894 0.716 0.733
0.284 0.900 0.630 0.749
0.295 0.867 0.625 0.723
0.285 0.891 0.487 0.774
0.281 0.895 0.600 0.749
0.292 0.902 0.732 0.713
0.331 0.888 0.787 0.682
0.311 0.889 0.567 0.754
0.302 0.880 0.922 0.687
0.266 0.895 0.594 0.769
0.276 0.898 0.754 0.692
0.357 0.870 0.837 0.692
0.499 0.834 0.749 0.672
0.356 0.870 0.763 0.703
0.341 0.865 0.669 0.682
0.288 0.879 0.519 0.790
0.280 0.894 0.647 0.749
0.290 0.876 0.584 0.785
0.285 0.890 0.673 0.754
0.250 0.899 0.598 0.779
0.298 0.893 0.546 0.795
0.277 0.894 0.650 0.749
0.308 0.894 0.608 0.749
0.318 0.877 0.880 0.708
0.318 0.875 0.537 0.744
0.278 0.890 0.584 0.713
0.260 0.907 0.814 0.687
0.304 0.898 0.659 0.733
0.369 0.866 0.597 0.744
0.424 0.825 0.726 0.738
0.379 0.862 0.719 0.713
0.273 0.893 0.559 0.805
0.267 0.905 0.715 0.733
0.264 0.912 0.601 0.785
0.244 0.914 0.562 0.785
0.279 0.911 0.723 0.708
0.283 0.905 0.565 0.774
0.243 0.911 0.951 0.682
0.243 0.918 0.555 0.779
0.214 0.904 0.598 0.754
0.248 0.917 0.895 0.718
0.230 0.912 0.602 0.779
0.235 0.907 0.644 0.728
0.284 0.925 0.665 0.738
0.239 0.903 0.605 0.774
0.281 0.909 0.542 0.790
0.231 0.908 0.576 0.779
0.217 0.916 0.621 0.764
0.220 0.909 0.536 0.774
0.229 0.903 0.585 0.764
0.218 0.912 0.596 0.749
0.247 0.913 0.590 0.774
0.239 0.891 0.654 0.764
0.201 0.914 0.742 0.723
0.261 0.912 0.507 0.790
0.274 0.888 1.276 0.610
0.269 0.894 0.651 0.749
0.255 0.903 0.622 0.769
0.229 0.914 0.606 0.769
0.211 0.914 0.566 0.769
0.217 0.909 0.668 0.749
0.219 0.914 0.618 0.754
0.227 0.912 0.785 0.733
0.247 0.923 0.691 0.713
0.233 0.917 0.566 0.754
0.216 0.921 0.618 0.779
0.226 0.922 0.861 0.692
0.222 0.911 0.655 0.749
0.223 0.923 0.680 0.703
0.229 0.917 0.826 0.697
0.183 0.931 0.579 0.744
0.195 0.931 0.671 0.733
0.208 0.917 0.652 0.764
0.235 0.922 0.552 0.759
0.228 0.916 0.558 0.774
0.230 0.920 0.587 0.764
0.209 0.911 0.645 0.759
0.205 0.923 0.612 0.759
0.216 0.914 0.632 0.769
0.222 0.927 0.526 0.790
0.210 0.927 0.714 0.749
0.195 0.918 0.609 0.779
0.187 0.936 0.514 0.749
0.200 0.926 0.634 0.754
0.237 0.928 0.763 0.738
0.189 0.930 0.585 0.759
0.228 0.926 0.612 0.759
0.291 0.895 0.679 0.733
0.293 0.879 0.917 0.672
0.271 0.877 0.636 0.733
0.247 0.917 0.572 0.779
0.247 0.927 0.708 0.682
0.289 0.927 0.770 0.697
0.214 0.920 0.888 0.682
0.223 0.914 0.778 0.718
0.213 0.926 0.656 0.754
0.214 0.908 0.996 0.703
0.201 0.926 0.559 0.779
0.189 0.922 0.605 0.754
0.236 0.923 0.595 0.779
0.218 0.925 0.570 0.779
0.250 0.923 0.660 0.723
0.246 0.900 0.658 0.744
0.207 0.920 0.857 0.703
0.220 0.914 0.646 0.779
0.279 0.916 0.657 0.708
0.205 0.923 0.615 0.749
0.231 0.917 0.756 0.723
0.269 0.907 0.731 0.754
0.323 0.903 0.862 0.682
0.285 0.877 0.822 0.713
0.215 0.907 0.674 0.764
0.207 0.913 0.609 0.728
0.217 0.920 0.583 0.759
0.242 0.913 1.075 0.662
0.267 0.921 0.650 0.779
0.274 0.914 0.713 0.718
0.258 0.928 1.366 0.544
0.337 0.883 0.753 0.733
0.250 0.893 0.622 0.759
0.194 0.918 1.151 0.610
0.202 0.913 0.685 0.774
0.179 0.931 0.564 0.779
0.180 0.934 0.704 0.749
0.187 0.941 0.784 0.718
0.228 0.916 0.919 0.682
0.188 0.918 0.817 0.708
0.167 0.940 0.756 0.723
0.201 0.944 0.561 0.790
0.224 0.905 0.675 0.774
0.192 0.916 0.593 0.769
0.236 0.932 0.660 0.774
0.243 0.932 0.589 0.769
0.242 0.921 0.561 0.805
0.188 0.925 0.632 0.759
0.233 0.943 0.757 0.723
0.200 0.925 0.692 0.769
0.186 0.937 0.614 0.774
0.219 0.934 0.648 0.749
0.184 0.925 0.719 0.744
0.163 0.943 0.630 0.774
0.173 0.941 0.671 0.769
0.189 0.931 0.753 0.728
0.215 0.932 0.612 0.754
0.202 0.932 0.964 0.667
0.180 0.936 0.741 0.697
0.192 0.932 0.625 0.759
0.169 0.937 0.713 0.733
0.207 0.945 0.596 0.769
0.192 0.935 0.756 0.744
0.181 0.923 0.945 0.697
0.150 0.945 0.647 0.749
0.177 0.943 0.700 0.774
0.155 0.945 0.731 0.759
0.176 0.940 0.625 0.774
0.164 0.943 0.644 0.764
0.166 0.934 0.735 0.744
0.181 0.941 0.633 0.744
0.175 0.943 0.623 0.744
0.160 0.937 0.720 0.764
0.176 0.936 0.658 0.795
0.251 0.920 0.693 0.754
0.211 0.911 0.706 0.764
0.182 0.935 0.834 0.733
0.146 0.936 0.894 0.708
0.176 0.937 0.672 0.785
0.217 0.941 0.646 0.774
0.225 0.930 0.985 0.656
0.184 0.926 0.669 0.764
0.181 0.948 0.666 0.774
0.165 0.948 0.740 0.733
0.179 0.937 0.809 0.723
0.216 0.934 0.738 0.733
0.220 0.923 0.768 0.728
0.256 0.913 0.690 0.795
0.216 0.911 1.080 0.641
0.177 0.949 0.664 0.738
0.160 0.939 0.698 0.779
0.181 0.940 0.637 0.744
0.153 0.945 0.667 0.774
0.142 0.944 0.741 0.779
0.164 0.953 0.760 0.774
0.134 0.946 0.681 0.790
0.155 0.950 0.733 0.790
0.169 0.934 0.657 0.774
0.172 0.939 0.627 0.754
0.167 0.941 1.054 0.677
0.143 0.943 0.746 0.759
0.189 0.951 0.649 0.790
0.226 0.926 0.654 0.785
0.184 0.946 0.891 0.713
0.190 0.935 0.671 0.769
0.180 0.921 0.753 0.754
0.159 0.948 0.629 0.779
0.149 0.953 0.742 0.728
0.154 0.943 0.819 0.697
0.193 0.945 0.692 0.754
0.180 0.950 0.750 0.733
0.181 0.940 0.689 0.790
0.210 0.939 0.791 0.744
0.156 0.943 0.855 0.718
0.150 0.939 0.752 0.774
0.177 0.948 0.690 0.769
0.144 0.945 0.720 0.738
0.139 0.944 0.781 0.738
0.159 0.953 0.770 0.764
0.169 0.941 0.784 0.769
0.153 0.946 0.669 0.774
0.157 0.945 0.700 0.754
0.174 0.939 0.995 0.667
0.141 0.950 0.704 0.774
0.141 0.945 0.656 0.759
0.224 0.937 0.766 0.744
0.187 0.923 1.099 0.662
0.162 0.930 0.726 0.728
0.183 0.949 0.599 0.785
0.157 0.954 0.688 0.769
0.237 0.944 0.686 0.759
0.242 0.934 0.965 0.692
0.257 0.922 0.710 0.749
0.234 0.922 0.905 0.718
0.212 0.913 0.892 0.723
0.160 0.931 1.174 0.651
0.194 0.936 0.721 0.759
0.268 0.927 0.726 0.759
0.217 0.921 0.739 0.744
0.150 0.944 0.638 0.779
0.148 0.944 0.672 0.718
0.163 0.941 0.586 0.805
0.151 0.953 0.655 0.790
0.139 0.937 1.020 0.692
0.135 0.958 0.631 0.785
0.135 0.954 0.646 0.738
0.120 0.951 0.685 0.774
0.155 0.957 0.759 0.769
0.142 0.944 0.861 0.733
0.138 0.955 0.630 0.785
0.143 0.951 0.622 0.795
0.145 0.948 0.707 0.779
0.142 0.945 0.677 0.769
0.125 0.957 0.602 0.785
0.124 0.954 0.692 0.800
0.155 0.964 0.737 0.785
0.226 0.944 0.774 0.779
0.194 0.936 1.115 0.682
0.182 0.946 0.753 0.759
0.191 0.943 0.666 0.779
0.170 0.945 1.043 0.733
0.136 0.953 0.679 0.779
0.139 0.954 0.681 0.769
0.135 0.950 0.829 0.738
0.173 0.945 0.753 0.769
0.184 0.945 0.969 0.723
0.134 0.939 0.776 0.774
0.124 0.957 0.696 0.774
0.125 0.955 0.758 0.790
0.142 0.957 0.703 0.779
0.119 0.959 0.694 0.795
0.109 0.968 0.626 0.790
0.132 0.959 0.661 0.790
0.138 0.949 0.664 0.769
0.138 0.957 0.762 0.749
0.149 0.951 0.657 0.764
0.125 0.950 0.638 0.744
0.130 0.958 0.719 0.769
0.128 0.953 0.933 0.769
0.139 0.962 0.668 0.759
0.162 0.950 0.797 0.744
0.164 0.946 1.094 0.641
0.172 0.941 0.628 0.774
0.152 0.955 0.795 0.785
0.132 0.950 0.653 0.795
0.109 0.955 0.719 0.749
0.113 0.951 0.690 0.774
0.122 0.964 0.823 0.785
0.116 0.953 0.724 0.790
0.163 0.954 0.783 0.764
0.188 0.939 0.841 0.749
0.201 0.949 0.677 0.759
0.187 0.930 0.745 0.764
0.223 0.934 0.740 0.759
0.133 0.948 0.710 0.764
0.119 0.958 0.691 0.805
0.115 0.957 0.690 0.759
0.145 0.958 0.807 0.774
0.131 0.954 0.848 0.733
0.162 0.943 0.796 0.774
0.139 0.948 0.634 0.764
0.128 0.960 0.802 0.764
0.115 0.959 0.741 0.790
0.128 0.959 0.655 0.779
0.134 0.957 0.718 0.779
0.152 0.949 0.717 0.779
0.116 0.955 0.814 0.769
0.097 0.966 0.765 0.790
0.113 0.954 0.736 0.779
0.119 0.966 0.753 0.774
0.132 0.950 0.677 0.779
0.201 0.951 0.806 0.759
0.165 0.944 0.718 0.774
0.134 0.953 0.871 0.749
0.134 0.959 0.833 0.749
0.112 0.959 0.818 0.754
0.143 0.954 0.815 0.744
0.129 0.958 0.949 0.723
0.153 0.958 0.739 0.790
0.116 0.958 0.688 0.749
0.140 0.951 0.729 0.785
0.139 0.951 0.710 0.759
0.155 0.946 1.138 0.672
0.137 0.960 0.801 0.759
0.122 0.958 0.694 0.759
0.127 0.963 0.684 0.785
0.139 0.959 0.845 0.738
0.101 0.960 0.674 0.764
0.114 0.959 0.734 0.759
0.127 0.950 0.684 0.785
0.240 0.940 0.784 0.764
0.203 0.923 0.724 0.754
0.137 0.939 1.585 0.600
0.136 0.953 0.850 0.754
0.196 0.945 0.877 0.733
0.213 0.930 1.175 0.687
0.184 0.920 0.734 0.759
0.185 0.939 0.693 0.790
0.113 0.950 0.715 0.764
0.132 0.957 0.782 0.754
0.111 0.959 0.731 0.759
0.143 0.953 0.693 0.774
0.175 0.931 0.838 0.790
0.166 0.940 0.820 0.749
0.126 0.950 0.998 0.718
0.117 0.960 0.734 0.790
0.130 0.964 0.727 0.764
0.123 0.954 0.946 0.733
0.146 0.964 0.733 0.785
0.185 0.955 0.899 0.749
0.116 0.957 0.752 0.759
0.124 0.964 0.771 0.769
0.125 0.959 0.819 0.759
0.104 0.963 0.636 0.774
0.129 0.966 0.707 0.785
0.198 0.944 0.684 0.785
0.126 0.955 0.967 0.738
0.111 0.964 0.824 0.785
0.108 0.969 0.700 0.779
0.110 0.959 0.867 0.779
0.108 0.964 0.705 0.779
0.092 0.958 0.726 0.785
0.121 0.963 0.733 0.795
0.127 0.963 0.688 0.785
0.160 0.955 0.881 0.754
0.127 0.945 0.745 0.769
0.109 0.969 0.733 0.769
0.095 0.968 0.857 0.774
0.100 0.967 0.749 0.785
0.105 0.960 0.707 0.779
0.141 0.960 0.696 0.795
0.144 0.960 0.834 0.795
0.120 0.960 0.799 0.785
0.144 0.953 0.756 0.764
0.174 0.953 0.735 0.795
0.130 0.946 0.887 0.749
0.121 0.967 0.784 0.779
0.100 0.969 0.710 0.790
0.102 0.966 0.769 0.790
0.107 0.966 0.755 0.785
0.127 0.960 0.752 0.774
0.099 0.963 0.736 0.785
0.101 0.968 0.740 0.795
0.105 0.967 0.804 0.785
0.118 0.969 0.722 0.790
0.116 0.963 0.750 0.759
0.118 0.955 0.756 0.769
0.101 0.963 0.808 0.744
0.102 0.967 0.653 0.774
0.110 0.963 0.758 0.774
0.099 0.962 0.771 0.764
0.090 0.963 0.707 0.779
0.128 0.962 0.768 0.779
0.141 0.959 0.829 0.759
0.159 0.955 1.223 0.677
0.146 0.967 0.888 0.728
0.122 0.955 0.824 0.779
0.101 0.962 0.771 0.790
0.134 0.968 0.639 0.795
0.148 0.962 0.823 0.764
0.121 0.953 0.970 0.728
0.116 0.967 0.702 0.779
0.150 0.968 0.746 0.774
0.107 0.959 0.725 0.779
0.119 0.955 0.789 0.774
0.105 0.962 0.730 0.769
0.205 0.958 0.771 0.795
0.187 0.937 1.015 0.749
0.184 0.939 1.162 0.708
0.137 0.959 0.887 0.713
0.128 0.958 0.902 0.744
0.105 0.960 0.788 0.764
0.128 0.966 0.904 0.764
0.151 0.962 0.856 0.749
0.118 0.962 0.812 0.779
0.113 0.966 0.758 0.795
0.145 0.957 1.029 0.749
0.124 0.959 0.858 0.759
0.128 0.962 0.817 0.754
0.108 0.964 0.728 0.790
0.108 0.969 0.704 0.764
0.171 0.955 0.720 0.774
0.158 0.944 0.918 0.774
0.105 0.962 0.698 0.779
0.122 0.963 0.757 0.779
0.104 0.971 0.713 0.759
0.143 0.968 0.799 0.774
0.147 0.950 0.828 0.764
0.152 0.953 0.865 0.774
0.144 0.964 0.748 0.769
0.183 0.959 0.934 0.744
0.203 0.954 0.953 0.718
0.115 0.959 0.729 0.759
0.112 0.960 0.693 0.774
0.128 0.963 1.108 0.703
0.110 0.957 0.843 0.774
0.106 0.969 0.756 0.785
0.138 0.953 0.916 0.764
0.128 0.962 0.826 0.795
0.102 0.957 1.022 0.703
0.108 0.969 0.807 0.779
0.096 0.963 0.717 0.779
0.095 0.969 0.710 0.790
0.092 0.972 0.830 0.785
0.130 0.957 0.740 0.779
0.148 0.969 0.888 0.733
0.134 0.973 0.837 0.779
0.104 0.971 0.721 0.795
0.086 0.973 0.802 0.779
0.091 0.973 0.800 0.779
0.169 0.966 0.762 0.774
0.100 0.972 0.777 0.779
0.145 0.963 0.682 0.779
0.095 0.966 0.785 0.759
0.097 0.973 0.713 0.785
0.102 0.960 1.005 0.718
0.131 0.960 0.792 0.785
0.107 0.962 0.784 0.759
0.102 0.968 0.725 0.759
0.093 0.959 0.759 0.779
0.095 0.971 0.761 0.769
0.083 0.973 0.796 0.769
0.105 0.971 0.745 0.779
0.098 0.973 0.797 0.779
0.089 0.973 0.794 0.795
0.127 0.972 0.796 0.769
0.101 0.969 0.815 0.774
0.087 0.973 0.821 0.764
0.133 0.969 0.713 0.785
0.132 0.966 1.030 0.713
0.097 0.968 1.447 0.641
0.104 0.971 0.770 0.790
0.091 0.968 0.857 0.785
0.090 0.967 0.720 0.790
0.109 0.978 0.721 0.779
0.107 0.966 0.889 0.749
0.087 0.962 0.769 0.769
0.214 0.958 0.887 0.759
0.110 0.958 0.957 0.723
0.081 0.973 0.767 0.779
0.083 0.974 0.699 0.779
0.128 0.969 0.750 0.769
0.105 0.966 0.770 0.779
0.137 0.967 0.855 0.774
0.122 0.960 0.930 0.785
0.128 0.968 0.753 0.774
0.106 0.963 0.701 0.790
0.088 0.972 0.804 0.785
0.107 0.971 0.754 0.785
0.088 0.969 0.736 0.785
0.087 0.977 0.790 0.779
0.105 0.967 0.781 0.779
0.104 0.969 0.792 0.774
0.120 0.966 0.690 0.749
0.122 0.966 0.716 0.795
0.085 0.966 0.757 0.790
0.095 0.972 0.769 0.774
0.083 0.969 0.871 0.779
0.139 0.971 0.895 0.785
0.077 0.971 0.777 0.779
0.088 0.972 0.796 0.790
0.104 0.978 0.766 0.779
0.098 0.963 0.978 0.733
0.084 0.976 0.787 0.800
0.083 0.973 0.779 0.795
0.118 0.969 0.850 0.800
0.099 0.969 0.835 0.779
0.087 0.974 0.751 0.785
0.107 0.974 0.736 0.785
0.100 0.969 0.775 0.769
0.098 0.964 0.819 0.769
0.114 0.966 0.823 0.785
0.085 0.978 0.894 0.790
0.129 0.974 0.772 0.774
0.095 0.964 0.858 0.785
0.079 0.976 0.899 0.759
0.079 0.968 0.777 0.769
0.096 0.972 0.804 0.785
0.095 0.968 0.814 0.774
0.101 0.964 0.882 0.749
0.093 0.976 0.784 0.785
0.103 0.967 0.810 0.774
0.118 0.968 0.878 0.769
0.095 0.971 0.854 0.805
0.081 0.973 0.806 0.790
0.135 0.967 0.791 0.790
0.101 0.962 0.761 0.790
0.107 0.969 0.843 0.785
0.090 0.972 0.978 0.759
0.098 0.972 0.832 0.795
0.127 0.972 0.793 0.800
0.124 0.962 0.968 0.738
0.086 0.978 0.847 0.759
0.125 0.978 0.778 0.779
0.154 0.960 0.764 0.785
0.086 0.971 0.848 0.759
0.077 0.969 0.743 0.790
0.085 0.966 0.798 0.785
0.087 0.971 0.696 0.785
0.129 0.966 0.838 0.800
0.107 0.973 0.763 0.769
0.093 0.963 0.794 0.769
0.113 0.963 0.829 0.774
0.114 0.969 0.831 0.785
0.139 0.966 0.803 0.785
0.145 0.966 0.767 0.779
0.101 0.971 0.795 0.769
0.106 0.972 0.873 0.800
0.081 0.976 0.801 0.779
0.109 0.963 0.808 0.774
0.119 0.967 0.903 0.779
0.085 0.972 0.836 0.779
0.117 0.972 0.806 0.785
0.107 0.969 0.879 0.800
0.105 0.966 0.874 0.774
0.150 0.967 0.887 0.764
0.207 0.966 0.991 0.723
0.099 0.976 0.897 0.759
0.078 0.977 0.859 0.769
0.151 0.973 0.792 0.785
0.135 0.968 0.787 0.795
0.103 0.962 0.873 0.785
0.107 0.973 0.784 0.800
0.094 0.966 0.852 0.769
0.082 0.976 0.725 0.800
0.102 0.976 0.781 0.779
0.080 0.969 0.923 0.744
0.090 0.971 0.828 0.779
0.083 0.974 0.821 0.785
0.085 0.974 0.813 0.774
0.087 0.971 0.849 0.759
0.160 0.967 0.787 0.790
0.118 0.967 0.925 0.810
0.107 0.964 0.800 0.764
0.109 0.962 0.817 0.779
0.122 0.973 0.879 0.754
0.094 0.973 0.751 0.774
0.109 0.974 0.782 0.785
0.108 0.971 0.867 0.764
0.090 0.972 0.751 0.779
0.076 0.972 0.750 0.790
0.076 0.973 0.802 0.800
0.075 0.977 0.810 0.785
0.105 0.974 0.848 0.790
0.093 0.971 1.076 0.703
0.079 0.974 0.777 0.779
0.078 0.974 0.795 0.759
0.088 0.973 0.749 0.785
0.080 0.976 0.786 0.779
0.071 0.980 0.788 0.790
0.127 0.973 0.837 0.785
0.103 0.968 0.823 0.774
0.088 0.976 0.936 0.749
0.074 0.974 0.796 0.785
0.083 0.972 0.860 0.785
0.087 0.966 0.883 0.779
0.098 0.968 0.800 0.774
0.093 0.974 0.839 0.779
0.072 0.977 0.896 0.769
0.081 0.972 0.821 0.779
0.199 0.967 0.815 0.779
0.117 0.964 0.983 0.738
0.081 0.971 0.838 0.774
0.081 0.972 0.826 0.774
0.106 0.973 0.811 0.785
0.081 0.971 0.983 0.749
0.078 0.972 0.802 0.779
0.137 0.968 0.813 0.774
0.128 0.962 0.798 0.779
0.110 0.969 0.889 0.759
0.111 0.971 0.888 0.769
0.112 0.973 0.904 0.749
0.078 0.977 0.832 0.759
0.104 0.972 0.807 0.785
0.140 0.976 0.881 0.785
0.092 0.968 0.757 0.779
0.080 0.973 0.827 0.769
0.103 0.968 0.782 0.785
0.105 0.972 0.826 0.774
0.076 0.978 0.834 0.785
0.112 0.972 0.861 0.769
0.091 0.974 0.774 0.774
0.085 0.972 0.856 0.795
0.083 0.972 0.740 0.790
0.077 0.976 0.839 0.779
0.085 0.977 0.799 0.779
0.102 0.974 0.751 0.790
0.166 0.967 0.837 0.764
0.086 0.962 1.012 0.749
0.098 0.966 0.826 0.779
0.094 0.980 0.762 0.764
0.099 0.976 0.930 0.795
0.081 0.977 0.821 0.779
0.129 0.968 0.848 0.779
0.110 0.957 0.877 0.764
0.084 0.977 0.795 0.764
0.100 0.977 0.796 0.779
0.084 0.967 0.799 0.779
0.089 0.974 0.784 0.785
0.094 0.973 0.898 0.800
0.072 0.976 0.852 0.779
0.129 0.976 0.795 0.774
0.097 0.978 0.898 0.779
0.095 0.969 0.844 0.769
0.071 0.977 0.816 0.759
0.195 0.971 0.955 0.774
0.137 0.958 0.803 0.774
0.094 0.962 0.853 0.764
0.093 0.971 0.758 0.769
0.078 0.971 0.883 0.769
0.076 0.977 0.855 0.764
0.081 0.969 0.850 0.769
0.072 0.974 0.903 0.769
0.093 0.976 0.843 0.774
0.072 0.971 0.793 0.774
0.085 0.974 0.857 0.779
0.078 0.969 0.815 0.790
0.114 0.972 0.941 0.759
0.100 0.973 1.067 0.723
0.077 0.977 0.906 0.785
0.098 0.969 0.815 0.769
0.094 0.967 0.819 0.779
0.073 0.977 0.787 0.779
0.081 0.973 0.738 0.779
0.087 0.976 0.823 0.790
0.076 0.974 0.763 0.774
0.087 0.976 0.753 0.774
0.093 0.976 0.916 0.790
0.163 0.978 0.840 0.779
0.076 0.974 0.938 0.754
0.119 0.980 0.876 0.774
0.085 0.982 0.722 0.790
0.087 0.976 0.812 0.790
0.091 0.971 0.828 0.779
0.107 0.974 0.785 0.769
0.109 0.969 0.858 0.764
0.112 0.976 0.855 0.774
0.114 0.972 0.861 0.790
0.081 0.978 0.835 0.785
0.093 0.968 0.800 0.774
0.087 0.976 0.845 0.774
0.070 0.978 0.779 0.779
0.081 0.980 0.781 0.779
0.089 0.976 0.858 0.759
0.124 0.977 0.776 0.779
0.092 0.973 0.869 0.779
0.131 0.974 0.825 0.769
0.099 0.974 0.752 0.774
0.074 0.974 0.904 0.774
0.080 0.971 0.833 0.779
0.089 0.976 0.808 0.795
0.135 0.967 0.773 0.785
0.142 0.969 0.973 0.744
0.083 0.971 0.810 0.790
0.069 0.981 0.875 0.779
0.074 0.978 0.776 0.774
0.101 0.976 0.807 0.779
0.085 0.980 0.798 0.785
0.075 0.977 0.850 0.779
0.129 0.977 0.893 0.769
0.082 0.972 1.138 0.728
0.077 0.976 0.822 0.785
0.094 0.978 0.844 0.805
0.079 0.976 0.924 0.779
0.116 0.976 0.864 0.790
0.084 0.978 0.854 0.759
0.121 0.973 0.853 0.779
0.083 0.976 0.843 0.769
0.064 0.978 0.789 0.785
0.067 0.978 0.906 0.785
0.070 0.982 0.822 0.774
0.075 0.980 0.886 0.774
0.092 0.978 0.788 0.774
0.138 0.972 0.824 0.774
0.105 0.977 0.854 0.790
0.077 0.976 0.793 0.785
0.078 0.973 0.814 0.774
0.074 0.978 0.937 0.790
0.116 0.971 0.818 0.779
0.095 0.969 0.944 0.774
0.077 0.977 0.861 0.790
0.118 0.974 0.870 0.795
0.099 0.976 0.892 0.779
0.069 0.977 0.827 0.795
0.078 0.978 0.827 0.785
0.098 0.973 0.892 0.795
0.073 0.978 0.842 0.785
0.096 0.973 0.780 0.769
0.087 0.977 0.854 0.779
0.067 0.981 0.846 0.795
0.073 0.980 0.758 0.779
0.124 0.971 0.875 0.769
0.076 0.981 0.841 0.774
0.084 0.977 0.831 0.790
0.120 0.974 0.941 0.759
0.077 0.977 0.916 0.764
0.097 0.972 0.809 0.774
0.085 0.974 0.940 0.738
0.096 0.977 0.823 0.790
0.068 0.980 0.809 0.785
0.092 0.973 0.781 0.795
0.067 0.974 0.776 0.785
0.090 0.973 0.771 0.785
0.078 0.977 0.717 0.779
0.072 0.982 0.800 0.790
0.074 0.980 0.827 0.779
0.086 0.976 0.848 0.779
0.075 0.976 0.828 0.785
0.070 0.980 0.833 0.800
0.112 0.980 0.787 0.790
0.133 0.978 0.800 0.779
0.091 0.969 0.841 0.769
0.068 0.980 0.847 0.769
0.065 0.983 0.809 0.779
0.085 0.976 0.863 0.785
0.073 0.976 0.774 0.785
0.115 0.974 0.801 0.795
0.092 0.978 0.867 0.774
0.094 0.977 0.855 0.779
0.090 0.972 0.860 0.769
0.066 0.982 0.816 0.785
0.078 0.974 0.882 0.785
0.071 0.976 0.820 0.774
0.100 0.980 0.753 0.769
0.094 0.977 0.804 0.779
0.074 0.982 0.842 0.800
0.092 0.980 0.783 0.805
0.078 0.976 0.764 0.779
0.065 0.980 0.844 0.779
0.068 0.981 0.828 0.790
0.074 0.977 0.804 0.785
0.075 0.978 0.781 0.790
0.073 0.982 0.715 0.795
0.108 0.973 0.787 0.779
0.140 0.978 0.830 0.769
0.119 0.977 0.854 0.774
0.124 0.974 0.848 0.779
0.090 0.978 0.978 0.738
0.090 0.974 0.958 0.754
0.081 0.978 0.893 0.764
0.080 0.980 0.882 0.785
0.081 0.980 0.850 0.795
0.074 0.977 0.782 0.795
0.071 0.980 0.828 0.779
0.067 0.982 0.846 0.785
0.070 0.976 0.847 0.790
0.068 0.978 0.847 0.790
0.080 0.972 0.849 0.795
0.069 0.978 0.812 0.790
0.061 0.982 0.911 0.795
0.110 0.980 0.925 0.795
0.070 0.976 0.854 0.790
0.103 0.974 0.804 0.785
0.088 0.972 0.873 0.764
0.081 0.976 0.789 0.785
0.064 0.977 0.841 0.790
0.084 0.980 0.872 0.785
0.072 0.977 0.961 0.774
0.085 0.978 0.861 0.764
0.078 0.976 0.782 0.790
0.086 0.973 0.791 0.795
0.100 0.976 0.850 0.795
0.081 0.974 0.904 0.779
0.063 0.983 0.862 0.785
0.074 0.974 0.783 0.790
0.088 0.982 0.819 0.785
0.085 0.976 0.796 0.774
0.069 0.973 0.883 0.759
0.241 0.974 0.858 0.774
0.077 0.980 0.794 0.785
0.085 0.976 0.782 0.785
0.077 0.982 0.807 0.790
0.071 0.974 0.803 0.790
0.096 0.980 0.824 0.790
0.100 0.976 0.826 0.779
0.090 0.977 0.844 0.779
0.082 0.978 0.783 0.774
0.101 0.974 0.785 0.795
0.100 0.977 0.812 0.790
0.158 0.976 0.810 0.790
0.106 0.978 0.818 0.779
0.097 0.971 0.758 0.790
0.066 0.980 0.879 0.800
0.089 0.980 0.818 0.800
0.075 0.977 0.828 0.800
0.104 0.976 0.871 0.785
0.081 0.980 0.859 0.769
0.091 0.977 0.888 0.785
0.135 0.976 0.784 0.795
0.073 0.974 0.963 0.779
0.079 0.974 0.762 0.805
0.078 0.974 0.933 0.785
0.091 0.974 0.826 0.785
0.128 0.973 0.805 0.759
0.077 0.977 0.794 0.754
0.085 0.977 0.859 0.774
0.121 0.976 0.902 0.790
0.079 0.980 0.839 0.785
0.072 0.981 0.836 0.790
0.071 0.981 0.808 0.800
0.086 0.978 0.879 0.785
0.068 0.985 0.903 0.785
0.066 0.977 0.808 0.785
0.065 0.977 0.847 0.795
0.675 0.581 0.693 0.446
0.658 0.618 0.688 0.595
0.675 0.581 0.693 0.446
0.675 0.581 0.693 0.446
0.675 0.581 0.693 0.446
0.658 0.618 0.688 0.595
0.675 0.581 0.693 0.446
0.658 0.618 0.688 0.595
0.637 0.660 0.686 0.590
0.625 0.682 0.702 0.508
0.675 0.581 0.693 0.446
0.658 0.618 0.688 0.595
0.637 0.660 0.686 0.590
0.675 0.581 0.693 0.446
0.658 0.618 0.688 0.595
0.637 0.660 0.686 0.590
0.625 0.682 0.702 0.508
0.591 0.688 0.695 0.503
0.593 0.708 0.687 0.574
0.579 0.716 0.679 0.615
0.563 0.716 0.662 0.600
0.555 0.720 0.741 0.533
0.559 0.719 0.952 0.497
0.569 0.710 0.921 0.554
0.565 0.731 0.864 0.574
0.675 0.581 0.693 0.446
0.658 0.618 0.688 0.595
0.637 0.660 0.686 0.590
0.625 0.682 0.702 0.508
0.591 0.688 0.695 0.503
0.593 0.708 0.687 0.574
0.579 0.716 0.679 0.615
0.563 0.716 0.662 0.600
0.555 0.720 0.741 0.533
0.675 0.581 0.693 0.446
0.658 0.618 0.688 0.595
0.637 0.660 0.686 0.590
0.625 0.682 0.702 0.508
0.591 0.688 0.695 0.503
0.593 0.708 0.687 0.574
0.579 0.716 0.679 0.615
0.563 0.716 0.662 0.600
0.555 0.720 0.741 0.533
0.559 0.719 0.952 0.497
0.569 0.710 0.921 0.554
0.565 0.731 0.864 0.574
0.565 0.710 0.765 0.590
0.544 0.728 0.789 0.579
0.538 0.729 0.710 0.651
