0.685 0.545 0.695 0.446
0.654 0.618 0.707 0.446
0.628 0.667 0.708 0.482
0.609 0.662 0.723 0.482
0.580 0.678 0.752 0.472
0.599 0.701 0.697 0.569
0.537 0.714 0.680 0.579
0.538 0.720 0.752 0.554
0.541 0.713 0.739 0.621
0.542 0.722 1.400 0.451
0.541 0.728 1.225 0.482
0.530 0.713 2.358 0.456
0.547 0.737 1.008 0.579
0.557 0.705 1.912 0.477
0.562 0.723 0.696 0.621
0.549 0.748 0.692 0.615
0.503 0.750 0.620 0.682
0.506 0.764 0.885 0.523
0.500 0.755 0.762 0.574
0.533 0.742 0.834 0.641
0.523 0.752 0.899 0.569
0.530 0.765 0.592 0.667
0.543 0.761 0.604 0.692
0.510 0.752 0.681 0.656
0.496 0.756 0.590 0.713
0.496 0.761 0.600 0.687
0.481 0.770 0.646 0.672
0.485 0.774 1.180 0.518
0.492 0.757 0.826 0.585
0.492 0.770 0.688 0.646
0.510 0.771 0.852 0.564
0.506 0.777 0.699 0.595
0.479 0.780 1.016 0.564
0.479 0.761 0.596 0.708
0.474 0.788 0.657 0.677
0.479 0.792 0.610 0.718
0.460 0.791 0.698 0.631
0.433 0.796 0.604 0.692
0.432 0.812 0.635 0.718
0.524 0.774 0.641 0.692
0.445 0.782 0.729 0.605
0.452 0.799 0.751 0.610
0.433 0.802 0.728 0.687
0.438 0.805 0.653 0.708
0.471 0.771 0.600 0.708
0.451 0.791 0.788 0.579
0.440 0.791 0.649 0.723
0.480 0.803 0.616 0.713
0.445 0.798 0.609 0.723
0.429 0.820 0.641 0.718
0.421 0.812 0.830 0.605
0.452 0.810 0.833 0.595
0.430 0.825 0.565 0.749
0.398 0.820 0.611 0.713
0.462 0.814 0.985 0.579
0.423 0.811 0.851 0.656
0.425 0.825 0.692 0.651
0.415 0.814 0.667 0.656
0.481 0.766 0.602 0.733
0.471 0.796 0.660 0.646
0.426 0.801 0.625 0.733
0.383 0.828 0.604 0.718
0.427 0.830 0.576 0.733
0.388 0.820 0.612 0.692
0.400 0.833 0.602 0.713
0.435 0.794 0.716 0.687
0.414 0.834 0.623 0.713
0.391 0.812 0.960 0.600
0.381 0.839 0.793 0.667
0.397 0.839 0.616 0.677
0.402 0.826 0.635 0.708
0.397 0.828 0.673 0.682
0.414 0.819 0.641 0.744
0.426 0.815 0.656 0.687
0.388 0.819 0.579 0.728
0.395 0.849 0.607 0.769
0.372 0.847 0.750 0.636
0.393 0.828 0.577 0.749
0.457 0.819 0.619 0.631
0.452 0.782 0.721 0.682
0.452 0.802 0.589 0.733
0.457 0.799 0.954 0.605
0.446 0.812 0.747 0.636
0.383 0.834 0.663 0.697
0.342 0.831 0.629 0.708
0.375 0.848 0.669 0.733
0.378 0.844 0.680 0.744
0.381 0.853 0.746 0.677
0.361 0.840 0.974 0.600
0.361 0.838 0.573 0.744
0.359 0.871 0.588 0.738
0.331 0.852 0.798 0.605
0.366 0.852 0.577 0.754
0.361 0.857 0.713 0.605
0.352 0.854 0.670 0.662
0.378 0.819 0.805 0.646
0.405 0.816 1.830 0.564
0.468 0.817 0.647 0.703
0.401 0.825 0.636 0.703
0.327 0.857 0.590 0.733
0.322 0.868 0.543 0.759
0.313 0.880 0.554 0.744
0.301 0.872 0.762 0.697
0.356 0.863 0.710 0.672
0.381 0.842 0.881 0.610
0.358 0.853 0.584 0.723
0.321 0.870 0.553 0.759
0.303 0.868 0.824 0.662
0.306 0.872 0.851 0.677
0.314 0.879 0.715 0.718
0.318 0.865 1.004 0.585
0.334 0.861 0.737 0.733
0.342 0.870 0.581 0.738
0.360 0.849 0.789 0.662
0.312 0.881 0.713 0.631
0.325 0.867 0.612 0.728
0.307 0.868 0.530 0.774
0.313 0.854 0.837 0.656
0.299 0.872 0.674 0.764
0.298 0.890 0.513 0.759
0.299 0.884 0.547 0.790
0.274 0.889 0.671 0.744
0.313 0.879 1.199 0.579
0.277 0.898 0.934 0.621
0.274 0.876 0.568 0.754
0.372 0.881 0.697 0.692
0.329 0.851 0.628 0.713
0.304 0.874 0.637 0.728
0.289 0.885 0.641 0.728
0.276 0.888 0.626 0.744
0.293 0.883 0.684 0.733
0.324 0.881 0.552 0.785
0.305 0.877 1.166 0.569
0.287 0.877 0.588 0.769
0.282 0.888 0.519 0.779
0.306 0.875 0.610 0.754
0.285 0.880 0.629 0.703
0.321 0.891 0.603 0.754
0.298 0.885 0.559 0.754
0.309 0.870 0.616 0.774
0.310 0.871 0.723 0.723
0.287 0.877 0.576 0.759
0.287 0.886 0.730 0.708
0.296 0.877 0.616 0.728
0.272 0.891 0.640 0.733
0.284 0.883 0.923 0.621
0.278 0.868 0.535 0.779
0.306 0.881 1.105 0.538
0.278 0.891 0.660 0.744
0.264 0.898 0.612 0.779
0.264 0.889 0.796 0.656
0.268 0.890 0.520 0.779
0.241 0.912 0.570 0.769
0.254 0.911 0.685 0.749
0.263 0.885 0.685 0.744
0.294 0.883 0.918 0.646
0.264 0.884 0.850 0.687
0.264 0.881 0.764 0.677
0.256 0.897 0.712 0.708
0.266 0.897 0.612 0.733
0.257 0.895 0.659 0.723
0.249 0.903 0.595 0.759
0.264 0.897 0.640 0.733
0.266 0.889 0.765 0.723
0.298 0.900 0.558 0.785
0.241 0.899 0.797 0.646
0.263 0.902 0.593 0.759
0.301 0.880 0.634 0.754
0.315 0.886 0.540 0.754
0.296 0.889 0.725 0.728
0.295 0.881 0.629 0.723
0.253 0.889 0.859 0.697
0.291 0.880 0.582 0.749
0.220 0.905 0.741 0.723
0.224 0.908 0.702 0.738
0.253 0.904 0.712 0.697
0.285 0.893 0.700 0.759
0.270 0.909 0.693 0.728
0.253 0.885 0.527 0.785
0.226 0.917 0.652 0.733
0.271 0.897 1.010 0.595
0.260 0.885 0.618 0.744
0.282 0.894 0.621 0.774
0.294 0.885 0.746 0.672
0.265 0.898 0.615 0.774
0.241 0.898 0.578 0.774
0.248 0.916 0.689 0.769
0.218 0.916 0.597 0.738
0.220 0.916 0.724 0.697
0.234 0.912 0.503 0.769
0.228 0.899 0.801 0.723
0.205 0.917 0.524 0.759
0.214 0.918 0.579 0.744
0.245 0.895 0.712 0.738
0.303 0.905 0.615 0.769
0.250 0.902 0.632 0.759
0.235 0.908 0.811 0.703
0.258 0.903 0.531 0.774
0.259 0.908 0.542 0.738
0.279 0.900 0.542 0.769
0.227 0.908 1.121 0.574
0.218 0.911 0.566 0.790
0.207 0.926 0.506 0.785
0.251 0.903 0.679 0.754
0.238 0.898 0.536 0.785
0.201 0.916 0.626 0.749
0.232 0.912 0.566 0.810
0.197 0.923 0.713 0.749
0.233 0.913 0.658 0.738
0.220 0.909 0.580 0.749
0.190 0.926 0.575 0.790
0.185 0.922 0.546 0.779
0.214 0.913 0.543 0.774
0.205 0.920 0.659 0.774
0.220 0.922 0.934 0.672
0.214 0.920 0.580 0.754
0.246 0.905 0.566 0.754
0.253 0.899 0.618 0.754
0.259 0.912 0.630 0.749
0.267 0.879 0.702 0.728
0.192 0.922 0.535 0.795
0.215 0.916 0.581 0.774
0.234 0.912 0.870 0.697
0.257 0.900 0.555 0.764
0.208 0.913 0.896 0.656
0.264 0.908 0.598 0.744
0.265 0.881 0.587 0.785
0.177 0.925 0.514 0.749
0.175 0.927 0.566 0.754
0.195 0.939 0.525 0.795
0.184 0.936 0.609 0.769
0.261 0.917 0.803 0.692
0.233 0.921 0.622 0.744
0.209 0.922 0.602 0.769
0.184 0.931 0.562 0.800
0.179 0.935 0.672 0.749
0.194 0.930 0.595 0.779
0.190 0.940 0.615 0.795
0.199 0.917 0.649 0.764
0.217 0.930 0.798 0.723
0.206 0.909 0.862 0.713
0.222 0.935 0.595 0.733
0.192 0.925 0.548 0.774
0.176 0.930 0.596 0.769
0.189 0.936 0.630 0.733
0.185 0.926 0.661 0.754
0.184 0.939 0.631 0.774
0.170 0.931 0.682 0.744
0.157 0.940 0.670 0.785
0.177 0.939 0.714 0.713
0.188 0.922 0.612 0.754
0.170 0.923 0.695 0.738
0.175 0.944 0.713 0.759
0.190 0.928 0.607 0.785
0.250 0.920 0.610 0.723
0.255 0.899 1.148 0.631
0.209 0.931 0.725 0.728
0.211 0.927 0.578 0.759
0.166 0.936 0.693 0.723
0.186 0.934 0.840 0.728
0.238 0.925 0.517 0.774
0.247 0.908 0.787 0.754
0.245 0.888 0.758 0.744
0.184 0.932 0.569 0.769
0.185 0.925 0.638 0.754
0.176 0.932 0.698 0.764
0.158 0.937 0.650 0.769
0.199 0.932 0.861 0.672
0.227 0.935 0.614 0.764
0.225 0.925 0.633 0.754
0.297 0.879 0.796 0.718
0.273 0.900 0.917 0.723
0.212 0.918 0.875 0.708
0.157 0.943 0.599 0.749
0.180 0.946 0.575 0.790
0.176 0.944 0.628 0.764
0.141 0.950 0.584 0.785
0.142 0.949 0.564 0.774
0.162 0.950 0.666 0.785
0.215 0.934 0.682 0.759
0.157 0.928 0.745 0.728
0.146 0.945 0.693 0.718
0.172 0.943 0.620 0.754
0.175 0.921 0.579 0.744
0.227 0.925 0.711 0.764
0.286 0.908 0.857 0.687
0.221 0.911 1.174 0.626
0.180 0.944 0.679 0.749
0.171 0.946 0.594 0.764
0.179 0.945 0.849 0.682
0.166 0.941 0.683 0.759
0.177 0.925 0.591 0.774
0.173 0.946 1.094 0.656
0.193 0.927 0.789 0.718
0.166 0.936 0.711 0.805
0.159 0.946 0.640 0.754
0.169 0.939 0.583 0.744
0.154 0.934 0.848 0.697
0.144 0.958 0.643 0.785
0.194 0.937 0.609 0.754
0.179 0.935 0.625 0.764
0.165 0.954 0.543 0.785
0.144 0.941 0.630 0.795
0.165 0.943 0.612 0.779
0.172 0.957 0.735 0.723
0.162 0.923 0.725 0.703
0.165 0.941 0.559 0.800
0.171 0.934 0.724 0.769
0.160 0.944 0.651 0.774
0.149 0.943 0.677 0.749
0.165 0.937 0.645 0.754
0.137 0.953 0.643 0.749
0.149 0.959 0.674 0.764
0.155 0.940 0.648 0.723
0.146 0.944 0.652 0.733
0.122 0.949 0.654 0.769
0.136 0.955 0.754 0.764
0.132 0.954 0.799 0.728
0.125 0.963 0.605 0.769
0.202 0.963 0.706 0.764
0.155 0.937 0.637 0.790
0.164 0.950 0.555 0.785
0.210 0.948 0.761 0.759
0.152 0.948 0.750 0.764
0.126 0.964 0.725 0.774
0.138 0.968 0.608 0.769
0.124 0.959 0.584 0.790
0.122 0.963 0.627 0.790
0.119 0.963 0.657 0.785
0.130 0.964 0.638 0.779
0.123 0.958 0.865 0.718
0.128 0.954 0.607 0.790
0.134 0.951 0.669 0.779
0.131 0.968 0.591 0.779
0.207 0.922 0.607 0.790
0.244 0.934 0.743 0.769
0.206 0.932 0.580 0.779
0.153 0.935 0.647 0.774
0.164 0.944 0.828 0.744
0.141 0.943 0.599 0.805
0.140 0.950 0.623 0.749
0.144 0.967 0.650 0.774
0.127 0.951 0.642 0.790
0.183 0.957 0.642 0.769
0.161 0.946 0.575 0.764
0.163 0.949 1.050 0.641
0.140 0.951 0.694 0.738
0.120 0.968 0.670 0.749
0.148 0.958 0.718 0.723
0.116 0.960 0.656 0.764
0.136 0.968 0.596 0.774
0.140 0.949 0.637 0.785
0.171 0.963 0.684 0.764
0.142 0.953 0.634 0.738
0.131 0.951 0.704 0.774
0.121 0.958 0.672 0.795
0.122 0.966 0.650 0.764
0.114 0.962 0.620 0.769
0.140 0.964 0.646 0.795
0.168 0.958 0.679 0.790
0.205 0.931 0.709 0.795
0.147 0.953 0.673 0.759
0.121 0.955 0.707 0.774
0.121 0.968 0.658 0.764
0.159 0.967 0.831 0.718
0.146 0.955 0.819 0.723
0.122 0.959 0.736 0.754
0.126 0.954 0.665 0.774
0.133 0.953 0.748 0.774
0.160 0.962 0.859 0.738
0.180 0.943 0.756 0.723
0.146 0.945 0.756 0.733
0.131 0.945 0.609 0.764
0.126 0.957 1.112 0.677
0.140 0.960 0.652 0.779
0.183 0.951 0.822 0.738
0.183 0.920 0.903 0.728
0.135 0.937 0.770 0.738
0.118 0.966 0.669 0.769
0.118 0.957 0.678 0.774
0.134 0.962 0.627 0.805
0.148 0.944 1.198 0.672
0.131 0.951 0.643 0.774
0.204 0.941 1.148 0.651
0.178 0.937 0.732 0.769
0.154 0.945 0.681 0.779
0.166 0.948 0.896 0.749
0.135 0.966 0.708 0.769
0.133 0.960 0.650 0.779
0.125 0.951 0.996 0.703
0.116 0.962 0.772 0.754
0.105 0.968 0.809 0.728
0.105 0.972 0.654 0.754
0.108 0.974 0.841 0.764
0.163 0.969 0.642 0.774
0.144 0.950 0.728 0.754
0.150 0.950 1.077 0.687
0.122 0.972 0.653 0.785
0.117 0.954 0.684 0.764
0.147 0.967 0.784 0.744
0.135 0.960 0.664 0.774
0.136 0.974 0.671 0.800
0.125 0.971 0.739 0.769
0.126 0.962 0.707 0.759
0.148 0.959 1.037 0.667
0.172 0.934 0.687 0.795
0.110 0.955 0.648 0.774
0.099 0.973 0.830 0.708
0.088 0.981 0.746 0.759
0.089 0.981 0.688 0.774
0.104 0.978 0.723 0.769
0.102 0.966 0.633 0.779
0.102 0.981 0.696 0.769
0.091 0.982 0.653 0.785
0.099 0.974 0.658 0.795
0.144 0.969 0.655 0.785
0.117 0.951 0.699 0.800
0.119 0.973 0.666 0.790
0.119 0.959 0.657 0.779
0.117 0.976 0.807 0.769
0.131 0.959 0.709 0.764
0.096 0.976 0.700 0.759
0.108 0.976 0.702 0.785
0.095 0.968 0.668 0.785
0.093 0.976 0.680 0.759
0.088 0.974 0.727 0.744
0.099 0.980 0.685 0.764
0.117 0.967 0.722 0.754
0.098 0.972 0.776 0.790
0.084 0.976 0.654 0.779
0.090 0.976 0.783 0.769
0.156 0.968 0.805 0.769
0.113 0.957 0.771 0.785
0.084 0.978 0.647 0.790
0.085 0.980 0.696 0.774
0.088 0.981 0.731 0.769
0.111 0.976 0.682 0.774
0.109 0.969 0.742 0.774
0.106 0.976 0.715 0.785
0.147 0.971 0.746 0.749
0.154 0.946 0.675 0.764
0.146 0.960 0.805 0.738
0.104 0.973 0.701 0.790
0.115 0.980 0.696 0.774
0.104 0.967 0.723 0.774
0.117 0.974 0.801 0.774
0.172 0.972 1.002 0.749
0.166 0.949 0.777 0.733
0.111 0.964 0.712 0.785
0.112 0.963 0.660 0.779
0.104 0.972 0.667 0.795
0.176 0.953 0.695 0.795
0.156 0.923 0.790 0.764
0.155 0.958 0.775 0.764
0.135 0.958 0.811 0.764
0.104 0.958 0.782 0.749
0.106 0.974 0.720 0.779
0.129 0.969 0.660 0.769
0.094 0.976 0.718 0.749
0.100 0.978 0.991 0.713
0.093 0.962 0.742 0.779
0.088 0.983 0.719 0.795
0.110 0.983 0.671 0.800
0.097 0.982 0.730 0.785
0.108 0.978 0.780 0.759
0.112 0.982 0.676 0.779
0.107 0.964 0.705 0.800
0.085 0.985 0.774 0.795
0.089 0.980 0.766 0.790
0.108 0.967 0.626 0.790
0.107 0.968 0.992 0.697
0.092 0.982 0.685 0.785
0.089 0.973 0.674 0.790
0.108 0.972 0.714 0.785
0.115 0.964 0.747 0.779
0.139 0.962 0.762 0.795
0.095 0.980 0.739 0.774
0.084 0.972 0.903 0.759
0.088 0.983 0.722 0.774
0.074 0.985 0.691 0.800
0.115 0.981 0.645 0.769
0.085 0.985 0.671 0.749
0.109 0.985 0.813 0.759
0.150 0.973 0.781 0.744
0.220 0.934 0.880 0.754
0.145 0.958 0.937 0.759
0.134 0.960 0.747 0.754
0.108 0.958 0.727 0.810
0.085 0.971 0.750 0.759
0.121 0.985 0.693 0.764
0.100 0.976 0.702 0.754
0.074 0.981 1.041 0.692
0.084 0.978 0.736 0.759
0.082 0.978 0.697 0.795
0.085 0.978 0.840 0.749
0.083 0.985 0.791 0.779
0.095 0.982 0.924 0.754
0.106 0.972 0.647 0.795
0.114 0.960 0.787 0.779
0.105 0.971 0.924 0.728
0.107 0.963 1.041 0.733
0.109 0.960 0.823 0.764
0.102 0.977 0.795 0.774
0.086 0.978 0.770 0.779
0.077 0.981 0.771 0.754
0.079 0.976 0.790 0.749
0.071 0.986 0.689 0.790
0.072 0.989 0.723 0.785
0.103 0.981 0.830 0.754
0.082 0.973 0.756 0.805
0.077 0.981 0.661 0.779
0.074 0.983 0.749 0.779
0.089 0.985 0.735 0.795
0.080 0.980 0.781 0.764
0.067 0.987 0.762 0.759
0.118 0.981 0.695 0.779
0.078 0.981 0.656 0.779
0.084 0.990 0.783 0.779
0.075 0.983 0.670 0.795
0.071 0.989 0.679 0.790
0.094 0.986 0.815 0.744
0.085 0.980 0.771 0.769
0.100 0.973 0.651 0.774
0.079 0.978 0.857 0.744
0.082 0.983 0.732 0.769
0.088 0.982 0.687 0.790
0.088 0.983 0.682 0.805
0.073 0.983 0.745 0.805
0.086 0.980 0.692 0.774
0.081 0.977 0.760 0.785
0.111 0.977 0.697 0.795
0.111 0.972 0.854 0.733
0.109 0.966 0.789 0.769
0.095 0.986 0.750 0.769
0.111 0.973 0.786 0.779
0.095 0.978 0.837 0.790
0.107 0.982 0.728 0.774
0.077 0.980 0.685 0.774
0.086 0.983 0.762 0.764
0.073 0.985 0.776 0.790
0.073 0.986 0.703 0.805
0.081 0.994 0.713 0.779
0.063 0.985 0.826 0.749
0.093 0.982 0.815 0.759
0.085 0.974 0.712 0.810
0.083 0.977 0.695 0.779
0.135 0.978 0.766 0.790
0.096 0.969 0.757 0.769
0.077 0.981 0.691 0.795
0.083 0.983 0.831 0.795
0.085 0.981 0.791 0.759
0.093 0.980 0.794 0.790
0.076 0.974 0.795 0.790
0.081 0.991 0.733 0.800
0.083 0.983 0.734 0.774
0.062 0.989 0.808 0.779
0.095 0.990 0.751 0.774
0.077 0.983 0.788 0.764
0.065 0.985 0.770 0.810
0.118 0.980 0.790 0.790
0.081 0.977 1.224 0.651
0.080 0.981 0.866 0.785
0.107 0.985 0.826 0.785
0.074 0.989 0.708 0.790
0.069 0.985 0.798 0.779
0.086 0.980 0.700 0.810
0.086 0.983 0.738 0.738
0.074 0.976 0.826 0.754
0.088 0.982 0.746 0.779
0.068 0.990 0.804 0.785
0.104 0.989 0.712 0.779
0.074 0.980 0.694 0.795
0.213 0.977 0.781 0.769
0.154 0.944 0.850 0.723
0.079 0.971 0.963 0.774
0.096 0.989 0.719 0.779
0.085 0.977 0.761 0.759
0.069 0.981 0.799 0.754
0.076 0.985 0.901 0.744
0.080 0.985 1.018 0.713
0.081 0.978 0.823 0.779
0.068 0.986 0.866 0.774
0.088 0.983 0.666 0.779
0.133 0.972 0.785 0.774
0.104 0.966 0.848 0.774
0.067 0.986 0.756 0.774
0.060 0.987 0.747 0.754
0.074 0.990 0.836 0.759
0.067 0.991 0.809 0.785
0.099 0.980 0.715 0.779
0.073 0.985 0.844 0.744
0.109 0.986 0.795 0.779
0.098 0.981 0.740 0.785
0.118 0.980 0.800 0.790
0.089 0.978 0.910 0.733
0.084 0.976 0.910 0.723
0.066 0.981 0.959 0.744
0.057 0.992 0.713 0.800
0.066 0.991 0.790 0.790
0.060 0.991 0.746 0.795
0.061 0.990 0.741 0.795
0.058 0.987 0.772 0.795
0.064 0.986 0.740 0.779
0.072 0.990 0.733 0.769
0.065 0.987 0.771 0.785
0.069 0.986 0.755 0.795
0.076 0.987 0.685 0.785
0.071 0.985 0.790 0.779
0.076 0.985 0.747 0.805
0.091 0.994 0.749 0.790
0.071 0.991 0.796 0.779
0.079 0.990 0.744 0.769
0.078 0.985 0.872 0.764
0.070 0.989 0.764 0.785
0.059 0.990 0.700 0.774
0.063 0.989 0.832 0.759
0.069 0.990 0.849 0.744
0.077 0.994 0.788 0.754
0.084 0.987 0.820 0.744
0.062 0.989 0.766 0.800
0.070 0.990 0.746 0.795
0.111 0.989 0.692 0.779
0.060 0.987 0.812 0.774
0.069 0.989 0.705 0.805
0.087 0.985 0.750 0.790
0.061 0.986 0.866 0.744
0.066 0.987 0.825 0.769
0.060 0.990 0.774 0.785
0.071 0.982 0.832 0.800
0.081 0.980 0.754 0.779
0.060 0.986 0.749 0.795
0.055 0.994 0.703 0.785
0.052 0.990 0.740 0.790
0.053 0.989 0.759 0.769
0.085 0.991 0.731 0.790
0.119 0.972 0.735 0.795
0.126 0.973 0.878 0.790
0.098 0.973 0.891 0.759
0.058 0.994 0.769 0.774
0.064 0.991 0.699 0.795
0.054 0.989 0.749 0.774
0.066 0.990 0.759 0.790
0.057 0.989 0.752 0.790
0.082 0.989 0.770 0.790
0.058 0.989 0.786 0.785
0.054 0.992 0.768 0.785
0.050 0.990 0.765 0.779
0.091 0.987 0.865 0.754
0.067 0.986 1.073 0.723
0.051 0.989 0.673 0.795
0.070 0.987 0.733 0.795
0.115 0.981 0.928 0.779
0.102 0.960 1.034 0.749
0.059 0.987 0.936 0.764
0.054 0.994 0.724 0.779
0.063 0.994 0.713 0.795
0.051 0.990 0.759 0.790
0.070 0.994 0.757 0.800
0.054 0.995 0.723 0.795
0.074 0.995 0.818 0.774
0.053 0.994 0.907 0.754
0.055 0.994 0.840 0.790
0.050 0.991 0.781 0.815
0.058 0.992 0.781 0.785
0.057 0.987 0.746 0.805
0.048 0.992 0.768 0.774
0.081 0.989 0.815 0.779
0.074 0.986 1.004 0.738
0.062 0.987 0.828 0.774
0.085 0.989 0.891 0.764
0.053 0.992 0.988 0.785
0.052 0.995 0.794 0.769
0.061 0.990 0.900 0.785
0.083 0.987 0.897 0.744
0.052 0.989 0.933 0.749
0.081 0.985 0.728 0.795
0.087 0.985 0.802 0.764
0.053 0.983 0.929 0.790
0.086 0.989 0.839 0.790
0.180 0.971 0.972 0.718
0.060 0.980 0.929 0.785
0.066 0.990 0.782 0.785
0.058 0.991 0.739 0.800
0.059 0.985 0.753 0.800
0.077 0.991 0.771 0.815
0.062 0.991 0.777 0.785
0.071 0.983 0.768 0.790
0.054 0.987 0.817 0.785
0.089 0.991 0.795 0.764
0.060 0.987 0.892 0.749
0.058 0.990 0.906 0.749
0.053 0.992 0.861 0.779
0.054 0.985 0.758 0.800
0.089 0.989 0.696 0.800
0.046 0.991 0.741 0.795
0.066 0.992 0.733 0.795
0.055 0.992 0.811 0.790
0.055 0.989 0.878 0.779
0.052 0.985 0.739 0.785
0.056 0.995 0.753 0.805
0.061 0.989 0.830 0.785
0.114 0.986 0.822 0.790
0.113 0.981 0.794 0.764
0.059 0.990 0.789 0.779
0.072 0.989 0.727 0.790
0.074 0.990 0.790 0.795
0.085 0.994 0.865 0.790
0.074 0.986 0.817 0.795
0.058 0.990 0.719 0.795
0.055 0.994 0.764 0.779
0.053 0.990 0.800 0.779
0.058 0.987 0.882 0.774
0.049 0.992 0.820 0.774
0.047 0.991 0.785 0.779
0.054 0.991 0.777 0.805
0.050 0.994 0.794 0.790
0.086 0.986 0.798 0.769
0.063 0.981 1.011 0.718
0.066 0.989 0.718 0.795
0.074 0.989 0.792 0.779
0.073 0.985 0.780 0.769
0.075 0.982 0.821 0.785
0.054 0.983 0.805 0.774
0.075 0.994 0.860 0.754
0.057 0.990 0.786 0.769
0.054 0.991 0.844 0.779
0.060 0.991 0.829 0.759
0.047 0.994 0.914 0.764
0.050 0.994 0.890 0.774
0.051 0.992 0.842 0.779
0.053 0.991 0.800 0.769
0.073 0.989 0.840 0.795
0.074 0.985 0.912 0.795
0.066 0.990 0.976 0.754
0.046 0.989 0.876 0.764
0.077 0.990 0.798 0.779
0.058 0.992 0.824 0.790
0.044 0.994 0.740 0.790
0.046 0.995 0.783 0.790
0.049 0.992 0.859 0.800
0.063 0.991 0.742 0.805
0.051 0.991 0.810 0.790
0.067 0.989 0.887 0.754
0.048 0.992 0.905 0.764
0.044 0.995 0.790 0.790
0.054 0.994 0.735 0.785
0.051 0.991 0.809 0.795
0.049 0.989 0.849 0.779
0.058 0.987 0.919 0.764
0.057 0.991 0.819 0.800
0.089 0.990 0.848 0.785
0.058 0.989 0.871 0.759
0.134 0.985 0.850 0.774
0.095 0.986 0.859 0.764
0.065 0.992 0.881 0.779
0.051 0.994 0.846 0.790
0.089 0.987 0.857 0.800
0.069 0.985 1.075 0.774
0.067 0.992 0.855 0.769
0.096 0.986 0.772 0.785
0.051 0.992 0.975 0.749
0.051 0.992 0.782 0.759
0.098 0.989 0.786 0.790
0.059 0.986 0.928 0.769
0.064 0.989 0.761 0.774
0.068 0.983 0.827 0.769
0.046 0.994 0.864 0.785
0.044 0.994 0.818 0.759
0.049 0.992 0.704 0.785
0.059 0.995 0.812 0.795
0.059 0.992 0.820 0.795
0.057 0.992 0.757 0.800
0.083 0.994 0.796 0.790
0.047 0.991 0.769 0.810
0.087 0.994 0.806 0.810
0.052 0.994 0.699 0.795
0.051 0.992 0.817 0.785
0.048 0.992 0.748 0.795
0.063 0.992 0.857 0.785
0.067 0.989 0.915 0.785
0.057 0.987 0.806 0.790
0.051 0.991 0.789 0.769
0.093 0.995 0.713 0.795
0.047 0.991 0.735 0.779
0.040 0.995 0.865 0.759
0.049 0.991 0.841 0.759
0.046 0.991 0.804 0.785
0.049 0.994 0.903 0.790
0.044 0.995 0.785 0.785
0.045 0.995 0.829 0.790
0.092 0.991 0.783 0.795
0.050 0.990 0.799 0.785
0.046 0.996 0.889 0.774
0.040 0.996 0.848 0.764
0.042 0.995 0.854 0.769
0.044 0.992 0.732 0.779
0.117 0.995 0.835 0.790
0.099 0.985 0.878 0.785
0.083 0.989 0.944 0.738
0.084 0.994 0.871 0.774
0.072 0.992 0.788 0.790
0.042 0.995 0.780 0.790
0.073 0.989 0.822 0.795
0.058 0.994 0.859 0.785
0.061 0.991 0.785 0.795
0.056 0.989 0.885 0.779
0.049 0.991 0.800 0.779
0.043 0.991 0.848 0.769
0.061 0.989 0.822 0.795
0.049 0.995 0.736 0.795
0.044 0.990 0.947 0.764
0.085 0.992 0.839 0.795
0.054 0.990 0.762 0.779
0.052 0.989 0.728 0.769
0.158 0.985 0.871 0.795
0.069 0.987 0.930 0.769
0.045 0.995 0.788 0.779
0.042 0.991 0.880 0.779
0.039 0.994 0.750 0.785
0.064 0.995 0.783 0.790
0.051 0.989 0.868 0.805
0.044 0.994 0.875 0.779
0.037 0.996 0.796 0.774
0.041 0.995 0.815 0.785
0.045 0.992 0.921 0.795
0.071 0.989 0.825 0.795
0.054 0.991 0.851 0.785
0.046 0.990 0.879 0.800
0.041 0.995 0.865 0.790
0.078 0.990 0.753 0.805
0.082 0.991 0.746 0.774
0.094 0.989 0.839 0.795
0.048 0.991 0.824 0.805
0.092 0.991 0.683 0.795
0.046 0.994 0.845 0.790
0.046 0.994 0.785 0.795
0.046 0.991 0.833 0.800
0.039 0.995 0.920 0.805
0.070 0.989 0.790 0.800
0.052 0.994 0.871 0.785
0.079 0.994 0.851 0.764
0.042 0.991 0.839 0.774
0.136 0.989 0.809 0.785
0.054 0.995 0.802 0.785
0.043 0.992 0.806 0.774
0.043 0.995 0.775 0.790
0.042 0.996 0.809 0.785
0.052 0.992 0.771 0.795
0.045 0.992 0.830 0.785
0.040 0.997 0.833 0.774
0.070 0.985 0.815 0.785
0.125 0.991 0.824 0.785
0.047 0.994 0.928 0.774
0.050 0.994 0.811 0.779
0.101 0.995 0.810 0.785
0.061 0.994 0.842 0.764
0.043 0.994 0.791 0.795
0.043 0.992 0.811 0.795
0.048 0.991 0.754 0.800
0.050 0.989 0.715 0.790
0.065 0.995 0.932 0.764
0.126 0.996 0.858 0.774
0.050 0.986 0.874 0.790
0.064 0.991 0.776 0.795
0.044 0.990 0.845 0.795
0.041 0.996 0.900 0.779
0.046 0.994 0.844 0.790
0.054 0.990 0.817 0.790
0.053 0.996 0.776 0.790
0.060 0.992 0.911 0.774
0.037 0.994 0.863 0.810
0.047 0.996 0.832 0.785
0.039 0.995 0.824 0.774
0.036 0.995 0.755 0.790
0.053 0.991 0.770 0.795
0.058 0.994 0.794 0.795
0.060 0.994 0.742 0.759
0.067 0.995 0.964 0.785
0.054 0.986 0.827 0.774
0.062 0.991 0.833 0.779
0.048 0.992 0.920 0.795
0.051 0.995 0.767 0.779
0.050 0.995 0.794 0.805
0.062 0.996 0.737 0.810
0.049 0.994 0.843 0.759
0.094 0.994 0.828 0.795
0.046 0.994 0.895 0.779
0.039 0.995 0.846 0.774
0.048 0.994 0.797 0.774
0.046 0.996 0.938 0.795
0.075 0.991 0.814 0.800
0.085 0.986 0.901 0.769
0.077 0.990 0.858 0.769
0.040 0.996 0.789 0.790
0.060 0.990 0.778 0.795
0.051 0.992 0.810 0.800
0.065 0.989 0.773 0.785
0.078 0.990 0.816 0.785
0.079 0.989 0.778 0.800
0.043 0.991 0.865 0.790
0.045 0.991 0.797 0.774
0.043 0.997 0.798 0.779
0.066 0.991 0.882 0.769
0.058 0.990 0.876 0.785
0.059 0.989 0.808 0.790
0.055 0.994 0.803 0.805
0.043 0.992 0.810 0.785
0.049 0.995 0.736 0.779
0.061 0.994 0.873 0.774
0.051 0.991 0.793 0.790
0.044 0.995 0.815 0.805
0.053 0.992 0.791 0.810
0.041 0.995 0.834 0.769
0.045 0.994 0.772 0.795
0.040 0.994 0.957 0.795
0.052 0.996 0.789 0.790
0.039 0.992 0.769 0.790
0.081 0.990 0.855 0.790
0.040 0.995 0.783 0.779
0.040 0.991 0.824 0.790
0.043 0.991 0.859 0.795
0.039 0.997 0.938 0.800
0.043 0.992 0.861 0.800
0.041 0.995 0.788 0.800
0.041 0.995 0.854 0.810
0.044 0.996 0.790 0.795
0.061 0.995 0.814 0.795
0.071 0.992 0.775 0.795
0.037 0.992 0.907 0.779
0.035 0.997 0.824 0.805
0.045 0.994 0.737 0.805
0.041 0.995 0.860 0.800
0.044 0.992 0.830 0.800
0.039 0.995 0.802 0.800
0.077 0.992 0.827 0.810
0.043 0.992 0.769 0.805
0.058 0.991 0.911 0.810
0.036 0.996 0.859 0.785
0.088 0.994 0.888 0.779
0.053 0.994 0.834 0.759
0.042 0.996 0.844 0.779
0.046 0.994 0.838 0.790
0.074 0.992 0.890 0.790
0.056 0.989 0.861 0.759
0.046 0.995 0.811 0.785
0.082 0.995 0.743 0.805
0.043 0.996 0.784 0.800
0.079 0.995 0.837 0.785
0.048 0.995 0.796 0.774
0.040 0.996 0.775 0.795
0.049 0.994 0.799 0.785
0.050 0.991 0.836 0.805
0.059 0.995 0.857 0.785
0.044 0.994 0.894 0.769
0.081 0.990 0.859 0.774
0.051 0.994 0.810 0.805
0.042 0.994 0.856 0.810
0.048 0.994 0.815 0.805
0.045 0.992 0.867 0.795
0.037 0.996 0.802 0.800
0.088 0.990 0.880 0.805
0.073 0.991 0.898 0.790
0.077 0.990 0.894 0.779
0.043 0.994 0.769 0.759
0.037 0.995 0.928 0.785
0.061 0.994 0.802 0.800
0.145 0.991 0.764 0.800
0.049 0.991 0.980 0.769
0.072 0.994 0.836 0.795
0.038 0.994 0.851 0.785
0.079 0.991 0.840 0.805
0.050 0.995 0.973 0.785
0.059 0.994 0.832 0.800
0.063 0.995 0.776 0.779
0.042 0.995 0.845 0.769
0.034 0.997 0.837 0.779
0.033 0.997 0.825 0.790
0.041 0.994 0.967 0.785
0.044 0.995 0.792 0.795
0.035 0.996 0.838 0.785
0.107 0.994 0.839 0.800
0.042 0.994 0.905 0.815
0.045 0.992 0.842 0.785
0.067 0.996 1.007 0.759
0.050 0.992 0.804 0.790
0.096 0.990 0.895 0.785
0.053 0.990 0.992 0.785
0.043 0.997 0.808 0.785
0.042 0.996 0.906 0.774
0.041 0.992 0.901 0.769
0.038 0.992 0.737 0.800
0.042 0.994 0.793 0.800
0.042 0.996 0.830 0.800
0.041 0.995 0.809 0.800
0.051 0.995 0.940 0.805
0.051 0.994 0.809 0.785
0.059 0.994 0.900 0.790
0.084 0.991 0.870 0.779
0.038 0.996 0.828 0.790
0.044 0.994 0.873 0.764
0.685 0.545 0.695 0.446
0.654 0.618 0.707 0.446
0.685 0.545 0.695 0.446
0.685 0.545 0.695 0.446
0.654 0.618 0.707 0.446
0.685 0.545 0.695 0.446
0.654 0.618 0.707 0.446
0.628 0.667 0.708 0.482
0.685 0.545 0.695 0.446
0.654 0.618 0.707 0.446
0.628 0.667 0.708 0.482
0.609 0.662 0.723 0.482
0.580 0.678 0.752 0.472
0.685 0.545 0.695 0.446
0.654 0.618 0.707 0.446
0.628 0.667 0.708 0.482
0.609 0.662 0.723 0.482
0.685 0.545 0.695 0.446
0.654 0.618 0.707 0.446
0.628 0.667 0.708 0.482
0.609 0.662 0.723 0.482
0.580 0.678 0.752 0.472
0.599 0.701 0.697 0.569
0.537 0.714 0.680 0.579
0.538 0.720 0.752 0.554
0.541 0.713 0.739 0.621
0.542 0.722 1.400 0.451
0.541 0.728 1.225 0.482
0.530 0.713 2.358 0.456
0.685 0.545 0.695 0.446
0.654 0.618 0.707 0.446
0.628 0.667 0.708 0.482
0.609 0.662 0.723 0.482
0.580 0.678 0.752 0.472
0.599 0.701 0.697 0.569
0.537 0.714 0.680 0.579
0.538 0.720 0.752 0.554
0.541 0.713 0.739 0.621
0.685 0.545 0.695 0.446
0.654 0.618 0.707 0.446
0.628 0.667 0.708 0.482
0.609 0.662 0.723 0.482
0.580 0.678 0.752 0.472
0.599 0.701 0.697 0.569
0.537 0.714 0.680 0.579
0.538 0.720 0.752 0.554
0.541 0.713 0.739 0.621
0.542 0.722 1.400 0.451
0.541 0.728 1.225 0.482
0.530 0.713 2.358 0.456
0.547 0.737 1.008 0.579
0.557 0.705 1.912 0.477
0.562 0.723 0.696 0.621
0.549 0.748 0.692 0.615
