0.691 0.550 0.703 0.446
0.658 0.613 0.691 0.518
0.630 0.654 0.689 0.523
0.619 0.674 0.696 0.467
0.606 0.676 0.746 0.446
0.610 0.673 0.774 0.451
0.600 0.702 0.731 0.533
0.601 0.706 0.837 0.497
0.585 0.716 1.051 0.482
0.542 0.710 1.236 0.456
0.532 0.732 0.871 0.472
0.578 0.731 0.800 0.585
0.543 0.732 0.779 0.538
0.541 0.732 1.115 0.482
0.534 0.733 1.319 0.467
0.524 0.727 1.329 0.462
0.525 0.732 0.660 0.621
0.536 0.742 0.723 0.600
0.517 0.754 0.630 0.646
0.498 0.746 0.779 0.585
0.530 0.750 1.511 0.472
0.486 0.756 0.980 0.497
0.495 0.757 1.286 0.497
0.503 0.762 1.022 0.503
0.481 0.774 0.814 0.569
0.461 0.783 0.874 0.574
0.517 0.766 0.685 0.621
0.523 0.764 0.777 0.554
0.486 0.787 0.954 0.513
0.486 0.762 1.122 0.497
0.458 0.765 0.692 0.682
0.466 0.785 0.781 0.564
0.493 0.766 0.902 0.574
0.514 0.762 1.170 0.503
0.431 0.788 0.815 0.559
0.428 0.801 0.908 0.538
0.432 0.803 0.745 0.662
0.460 0.791 1.197 0.533
0.452 0.784 0.970 0.513
0.452 0.791 0.976 0.538
0.459 0.778 0.672 0.662
0.423 0.793 0.724 0.636
0.432 0.811 0.846 0.574
0.432 0.807 0.661 0.651
0.462 0.771 0.937 0.574
0.445 0.807 0.692 0.641
0.476 0.768 0.779 0.579
0.426 0.819 1.426 0.462
0.422 0.803 0.652 0.697
0.400 0.803 0.583 0.692
0.420 0.815 0.904 0.579
0.500 0.783 0.625 0.703
0.459 0.797 0.732 0.651
0.496 0.777 0.705 0.677
0.446 0.789 0.771 0.610
0.452 0.822 0.959 0.574
0.399 0.816 1.239 0.508
0.419 0.831 0.732 0.651
0.449 0.802 0.702 0.646
0.391 0.819 0.999 0.523
0.393 0.825 0.697 0.610
0.380 0.824 0.582 0.728
0.432 0.803 1.066 0.554
0.430 0.824 0.608 0.723
0.452 0.815 0.671 0.708
0.433 0.821 0.799 0.574
0.425 0.807 0.574 0.738
0.406 0.820 0.757 0.651
0.420 0.787 0.574 0.744
0.413 0.812 0.666 0.733
0.398 0.814 0.633 0.697
0.385 0.828 0.938 0.605
0.416 0.825 1.027 0.585
0.440 0.816 1.283 0.508
0.456 0.822 0.831 0.631
0.426 0.811 0.581 0.733
0.406 0.837 0.596 0.713
0.456 0.810 1.256 0.528
0.460 0.799 0.928 0.559
0.400 0.812 0.742 0.600
0.399 0.806 0.702 0.646
0.380 0.835 0.611 0.718
0.372 0.843 0.740 0.626
0.347 0.847 0.580 0.708
0.392 0.844 0.634 0.692
0.381 0.821 1.155 0.569
0.424 0.828 0.657 0.708
0.385 0.847 0.772 0.636
0.357 0.857 1.174 0.513
0.337 0.833 0.653 0.708
0.352 0.853 0.780 0.641
0.404 0.835 0.798 0.641
0.365 0.838 0.794 0.667
0.364 0.843 0.754 0.656
0.443 0.831 0.989 0.615
0.372 0.833 0.691 0.677
0.386 0.834 0.844 0.636
0.361 0.842 1.078 0.544
0.369 0.826 0.603 0.764
0.380 0.839 0.573 0.733
0.361 0.849 0.645 0.703
0.357 0.852 0.566 0.764
0.359 0.852 0.672 0.733
0.353 0.851 0.672 0.662
0.302 0.867 0.673 0.713
0.292 0.870 0.648 0.697
0.302 0.861 0.634 0.738
0.319 0.880 0.614 0.713
0.333 0.834 0.696 0.687
0.343 0.854 0.840 0.626
0.314 0.863 0.737 0.718
0.308 0.871 0.504 0.754
0.323 0.870 0.756 0.646
0.326 0.863 0.928 0.600
0.308 0.858 0.707 0.651
0.375 0.863 0.722 0.636
0.346 0.839 0.716 0.692
0.328 0.833 0.817 0.641
0.340 0.875 0.622 0.733
0.319 0.879 0.656 0.764
0.297 0.875 0.807 0.631
0.300 0.848 0.705 0.708
0.282 0.872 0.566 0.759
0.309 0.871 0.803 0.656
0.295 0.883 0.672 0.733
0.316 0.871 1.055 0.554
0.312 0.866 0.535 0.749
0.345 0.865 0.593 0.764
0.307 0.854 0.982 0.621
0.288 0.881 0.644 0.769
0.291 0.881 0.773 0.708
0.302 0.877 0.685 0.723
0.289 0.880 1.229 0.549
0.279 0.881 0.782 0.703
0.276 0.874 0.629 0.769
0.265 0.886 0.648 0.749
0.295 0.876 0.660 0.779
0.295 0.888 0.579 0.764
0.369 0.861 0.644 0.744
0.312 0.867 0.778 0.744
0.316 0.870 0.959 0.605
0.277 0.879 0.615 0.769
0.262 0.888 0.713 0.692
0.281 0.877 0.561 0.785
0.305 0.848 0.656 0.738
0.268 0.876 0.526 0.774
0.269 0.890 0.538 0.759
0.242 0.899 0.746 0.708
0.319 0.889 0.918 0.621
0.312 0.871 1.098 0.626
0.297 0.872 0.637 0.759
0.275 0.879 0.789 0.687
0.259 0.895 0.735 0.713
0.304 0.888 0.953 0.651
0.357 0.847 0.708 0.692
0.292 0.863 0.911 0.615
0.269 0.885 0.638 0.703
0.277 0.890 0.616 0.738
0.278 0.894 0.710 0.697
0.303 0.868 0.559 0.769
0.286 0.883 0.702 0.728
0.271 0.886 0.610 0.754
0.241 0.881 1.008 0.626
0.286 0.894 0.690 0.733
0.338 0.854 0.730 0.744
0.358 0.840 0.562 0.754
0.284 0.874 0.663 0.697
0.275 0.883 0.597 0.749
0.243 0.898 0.646 0.728
0.212 0.899 0.613 0.733
0.258 0.899 0.768 0.677
0.301 0.866 0.752 0.728
0.271 0.881 0.504 0.769
0.267 0.875 0.576 0.759
0.310 0.881 0.673 0.744
0.295 0.899 1.317 0.564
0.290 0.883 0.879 0.662
0.277 0.876 1.100 0.610
0.294 0.881 0.697 0.692
0.244 0.890 0.734 0.744
0.224 0.907 0.751 0.677
0.210 0.902 0.582 0.779
0.262 0.891 0.915 0.641
0.298 0.883 1.478 0.533
0.315 0.876 0.740 0.754
0.274 0.872 0.589 0.754
0.253 0.899 0.701 0.764
0.264 0.902 0.586 0.764
0.295 0.881 0.728 0.703
0.315 0.851 0.584 0.749
0.264 0.889 0.648 0.744
0.256 0.897 0.764 0.703
0.223 0.905 0.652 0.713
0.256 0.894 0.595 0.764
0.284 0.893 0.891 0.636
0.275 0.884 1.035 0.610
0.294 0.891 0.635 0.764
0.246 0.897 0.656 0.713
0.235 0.895 0.647 0.764
0.249 0.902 0.554 0.744
0.235 0.908 0.709 0.749
0.233 0.907 0.571 0.738
0.257 0.898 0.572 0.779
0.225 0.917 0.625 0.738
0.238 0.895 0.773 0.677
0.223 0.907 0.645 0.759
0.230 0.893 0.549 0.759
0.223 0.912 0.538 0.774
0.220 0.917 0.595 0.759
0.211 0.904 0.696 0.723
0.210 0.909 0.670 0.728
0.198 0.916 0.602 0.749
0.217 0.914 0.578 0.779
0.284 0.894 0.567 0.754
0.271 0.889 1.043 0.610
0.264 0.902 0.647 0.744
0.230 0.895 0.597 0.754
0.222 0.908 0.650 0.738
0.238 0.908 0.623 0.754
0.240 0.905 0.618 0.738
0.244 0.917 0.675 0.723
0.230 0.902 0.566 0.733
0.243 0.902 0.688 0.723
0.253 0.879 0.759 0.708
0.230 0.898 0.856 0.677
0.228 0.918 0.563 0.779
0.191 0.925 0.610 0.769
0.221 0.898 0.614 0.754
0.204 0.916 0.649 0.749
0.203 0.920 0.784 0.692
0.173 0.934 0.753 0.749
0.187 0.920 0.746 0.708
0.245 0.893 0.682 0.759
0.197 0.914 0.654 0.733
0.169 0.922 0.568 0.774
0.182 0.930 0.890 0.692
0.230 0.911 0.581 0.754
0.236 0.912 0.614 0.759
0.255 0.907 0.841 0.733
0.230 0.899 0.603 0.754
0.215 0.913 0.616 0.713
0.237 0.918 0.610 0.733
0.219 0.902 0.727 0.713
0.195 0.916 0.609 0.744
0.215 0.914 0.792 0.723
0.186 0.928 0.723 0.759
0.157 0.936 0.654 0.774
0.182 0.930 0.627 0.723
0.181 0.926 0.588 0.759
0.195 0.923 0.589 0.749
0.175 0.920 1.140 0.626
0.185 0.935 0.636 0.738
0.199 0.928 0.758 0.697
0.208 0.921 0.598 0.764
0.205 0.922 0.655 0.723
0.226 0.918 0.702 0.718
0.221 0.912 0.850 0.641
0.205 0.916 0.901 0.682
0.187 0.928 0.759 0.744
0.167 0.923 0.837 0.687
0.208 0.921 0.589 0.744
0.188 0.922 0.618 0.749
0.166 0.936 0.609 0.754
0.192 0.932 0.589 0.749
0.194 0.925 0.649 0.769
0.190 0.925 0.633 0.759
0.200 0.918 0.938 0.677
0.190 0.916 0.774 0.697
0.181 0.923 1.036 0.651
0.182 0.920 1.086 0.656
0.264 0.922 0.904 0.708
0.247 0.890 0.876 0.703
0.181 0.922 0.850 0.703
0.180 0.927 0.624 0.744
0.171 0.927 0.846 0.656
0.181 0.945 0.596 0.754
0.162 0.932 0.631 0.728
0.159 0.941 0.634 0.733
0.249 0.922 0.586 0.774
0.258 0.899 0.923 0.733
0.242 0.898 0.595 0.738
0.227 0.911 0.615 0.774
0.209 0.914 0.799 0.682
0.202 0.923 0.897 0.733
0.181 0.926 0.758 0.708
0.191 0.922 0.648 0.744
0.243 0.920 1.143 0.626
0.240 0.904 0.704 0.749
0.187 0.925 0.640 0.759
0.200 0.913 1.151 0.621
0.157 0.932 0.628 0.769
0.152 0.943 0.638 0.759
0.207 0.941 0.687 0.733
0.216 0.930 0.907 0.703
0.202 0.897 0.925 0.682
0.211 0.911 0.554 0.785
0.184 0.917 0.618 0.744
0.153 0.940 0.725 0.728
0.148 0.939 0.707 0.728
0.152 0.941 0.678 0.754
0.160 0.930 0.643 0.774
0.157 0.941 0.568 0.754
0.195 0.939 0.546 0.779
0.155 0.939 0.601 0.759
0.164 0.945 0.604 0.759
0.177 0.945 0.590 0.769
0.156 0.930 0.538 0.779
0.141 0.949 0.632 0.774
0.166 0.946 0.626 0.769
0.147 0.951 0.647 0.764
0.145 0.945 0.661 0.749
0.160 0.948 0.773 0.672
0.140 0.951 0.698 0.738
0.128 0.955 0.787 0.713
0.158 0.941 0.698 0.749
0.190 0.923 0.671 0.744
0.211 0.907 0.639 0.759
0.192 0.920 0.615 0.769
0.146 0.941 0.579 0.774
0.199 0.940 0.587 0.764
0.239 0.905 0.666 0.759
0.231 0.936 0.705 0.738
0.161 0.930 0.653 0.759
0.210 0.940 0.618 0.779
0.211 0.932 0.643 0.785
0.214 0.925 0.698 0.764
0.191 0.914 0.952 0.662
0.153 0.939 0.639 0.754
0.127 0.958 0.861 0.692
0.135 0.948 0.636 0.779
0.133 0.939 0.680 0.738
0.129 0.954 0.658 0.754
0.143 0.940 0.750 0.759
0.138 0.946 0.783 0.687
0.129 0.946 0.693 0.779
0.118 0.954 0.686 0.769
0.114 0.957 0.640 0.759
0.131 0.948 0.613 0.759
0.146 0.936 0.743 0.713
0.116 0.954 0.645 0.764
0.119 0.964 0.598 0.769
0.170 0.945 0.592 0.769
0.184 0.926 0.567 0.774
0.253 0.911 0.595 0.749
0.177 0.927 0.522 0.795
0.116 0.955 0.719 0.754
0.120 0.948 0.628 0.764
0.144 0.959 0.655 0.754
0.131 0.954 0.623 0.810
0.150 0.946 1.106 0.636
0.134 0.950 0.696 0.759
0.160 0.945 0.638 0.759
0.282 0.925 0.759 0.738
0.209 0.911 0.736 0.754
0.129 0.951 1.026 0.703
0.131 0.958 0.592 0.759
0.140 0.944 0.802 0.718
0.195 0.950 0.563 0.785
0.154 0.945 0.580 0.790
0.175 0.950 0.748 0.764
0.210 0.944 0.634 0.769
0.203 0.920 0.782 0.744
0.164 0.934 0.717 0.744
0.169 0.925 0.699 0.744
0.172 0.944 0.905 0.708
0.164 0.927 0.712 0.749
0.145 0.937 0.680 0.785
0.148 0.951 0.617 0.744
0.121 0.955 0.620 0.774
0.108 0.960 0.724 0.749
0.130 0.955 0.748 0.733
0.148 0.946 0.585 0.749
0.178 0.928 0.811 0.723
0.151 0.943 0.673 0.733
0.134 0.944 0.681 0.769
0.129 0.949 0.746 0.733
0.126 0.960 0.552 0.795
0.124 0.960 0.659 0.774
0.137 0.950 0.702 0.759
0.125 0.951 0.676 0.749
0.141 0.964 0.582 0.779
0.128 0.953 0.671 0.764
0.110 0.960 0.648 0.728
0.123 0.955 0.611 0.764
0.173 0.948 0.686 0.759
0.163 0.936 0.678 0.774
0.123 0.955 0.690 0.754
0.107 0.964 0.764 0.769
0.118 0.953 0.724 0.738
0.148 0.957 0.601 0.779
0.136 0.940 0.707 0.728
0.126 0.953 0.873 0.738
0.114 0.955 0.600 0.769
0.124 0.960 0.592 0.774
0.114 0.962 0.763 0.779
0.133 0.953 0.664 0.769
0.133 0.945 0.704 0.749
0.105 0.960 0.822 0.723
0.101 0.968 0.716 0.769
0.107 0.964 0.546 0.785
0.130 0.951 1.129 0.631
0.133 0.949 0.919 0.667
0.190 0.954 0.648 0.779
0.166 0.931 0.876 0.759
0.122 0.958 0.726 0.749
0.135 0.959 0.557 0.785
0.127 0.954 0.567 0.790
0.106 0.955 1.076 0.651
0.107 0.967 0.683 0.785
0.097 0.963 0.667 0.779
0.106 0.968 0.618 0.764
0.114 0.964 0.613 0.805
0.090 0.969 0.739 0.749
0.096 0.971 0.610 0.779
0.100 0.969 0.615 0.764
0.107 0.958 0.654 0.764
0.127 0.959 0.701 0.769
0.130 0.949 0.645 0.774
0.132 0.951 0.770 0.738
0.099 0.963 0.757 0.800
0.106 0.958 0.601 0.769
0.112 0.966 0.588 0.774
0.126 0.954 0.668 0.774
0.101 0.973 1.014 0.677
0.120 0.962 0.719 0.754
0.126 0.963 0.658 0.790
0.122 0.951 0.936 0.708
0.112 0.966 0.607 0.790
0.101 0.966 0.688 0.774
0.101 0.963 0.698 0.769
0.090 0.964 0.694 0.774
0.112 0.972 0.664 0.769
0.112 0.966 0.643 0.779
0.100 0.966 0.661 0.785
0.103 0.966 0.690 0.785
0.105 0.959 0.858 0.697
0.128 0.976 0.659 0.779
0.113 0.976 0.648 0.754
0.209 0.963 0.720 0.733
0.163 0.959 0.668 0.795
0.111 0.964 0.869 0.728
0.095 0.972 0.698 0.774
0.141 0.960 0.616 0.749
0.165 0.928 0.697 0.759
0.126 0.946 0.821 0.749
0.136 0.953 0.659 0.785
0.125 0.958 0.678 0.749
0.112 0.950 0.847 0.718
0.173 0.959 0.763 0.754
0.197 0.925 0.675 0.815
0.133 0.949 0.718 0.805
0.093 0.972 0.632 0.785
0.109 0.957 0.691 0.759
0.100 0.972 0.707 0.759
0.105 0.960 0.753 0.749
0.113 0.969 0.669 0.759
0.084 0.971 0.747 0.785
0.092 0.974 0.755 0.749
0.152 0.967 0.642 0.779
0.129 0.950 0.716 0.764
0.120 0.967 0.729 0.749
0.125 0.955 0.712 0.769
0.138 0.969 0.725 0.764
0.112 0.963 0.622 0.774
0.099 0.969 1.327 0.651
0.113 0.971 0.689 0.774
0.115 0.959 0.625 0.779
0.110 0.964 0.584 0.779
0.123 0.967 0.680 0.769
0.096 0.968 0.668 0.764
0.122 0.971 1.032 0.687
0.105 0.972 1.141 0.656
0.103 0.964 0.807 0.759
0.095 0.972 0.691 0.774
0.095 0.974 0.645 0.759
0.102 0.966 0.602 0.800
0.128 0.973 0.702 0.774
0.112 0.955 0.753 0.774
0.130 0.960 0.903 0.738
0.131 0.973 0.819 0.779
0.126 0.960 0.681 0.779
0.142 0.957 0.709 0.785
0.109 0.946 0.762 0.790
0.089 0.964 0.704 0.769
0.088 0.971 0.618 0.790
0.117 0.972 0.661 0.754
0.089 0.960 0.809 0.769
0.090 0.967 0.679 0.779
0.080 0.973 0.800 0.749
0.084 0.974 0.695 0.754
0.095 0.966 0.670 0.774
0.107 0.971 0.838 0.733
0.111 0.954 0.632 0.769
0.103 0.971 0.691 0.754
0.093 0.969 1.010 0.677
0.087 0.968 0.728 0.749
0.092 0.967 0.679 0.769
0.091 0.957 0.717 0.774
0.069 0.983 0.623 0.774
0.086 0.978 0.648 0.779
0.093 0.972 0.777 0.744
0.091 0.967 0.704 0.800
0.071 0.977 0.654 0.785
0.072 0.978 0.806 0.764
0.078 0.977 0.749 0.779
0.090 0.978 0.661 0.779
0.074 0.971 0.688 0.790
0.071 0.978 0.641 0.800
0.085 0.977 0.724 0.759
0.083 0.972 0.810 0.764
0.082 0.972 0.701 0.779
0.094 0.958 0.672 0.790
0.070 0.983 0.715 0.800
0.088 0.977 0.696 0.790
0.071 0.982 0.798 0.749
0.090 0.977 0.659 0.795
0.094 0.969 0.735 0.774
0.077 0.974 0.660 0.779
0.073 0.976 0.760 0.779
0.127 0.978 0.724 0.790
0.100 0.972 0.753 0.790
0.094 0.977 0.724 0.795
0.088 0.977 0.741 0.744
0.082 0.977 0.900 0.713
0.081 0.976 0.946 0.692
0.074 0.974 0.630 0.795
0.128 0.974 0.716 0.790
0.183 0.953 0.713 0.785
0.283 0.934 1.481 0.626
0.213 0.950 1.023 0.779
0.105 0.963 0.864 0.744
0.073 0.971 0.691 0.785
0.099 0.973 0.841 0.774
0.099 0.964 0.725 0.790
0.114 0.967 0.740 0.795
0.096 0.967 0.766 0.774
0.134 0.974 0.778 0.769
0.114 0.960 0.798 0.744
0.093 0.974 0.747 0.779
0.073 0.980 0.725 0.774
0.080 0.969 0.726 0.795
0.065 0.983 0.743 0.790
0.064 0.978 0.810 0.764
0.076 0.981 0.853 0.754
0.068 0.980 0.654 0.795
0.096 0.977 0.685 0.805
0.128 0.963 0.700 0.790
0.120 0.960 0.667 0.764
0.102 0.968 0.852 0.790
0.080 0.977 0.675 0.774
0.071 0.982 0.844 0.733
0.071 0.983 0.757 0.790
0.074 0.980 0.786 0.805
0.093 0.972 0.802 0.754
0.091 0.977 0.895 0.749
0.098 0.971 0.707 0.805
0.063 0.986 0.754 0.785
0.096 0.978 0.670 0.774
0.170 0.966 0.786 0.779
0.168 0.937 0.749 0.774
0.097 0.972 0.826 0.749
0.077 0.977 0.792 0.785
0.093 0.971 0.605 0.785
0.082 0.980 0.968 0.713
0.084 0.974 0.789 0.754
0.080 0.978 0.748 0.790
0.082 0.971 0.660 0.795
0.067 0.977 0.876 0.749
0.089 0.974 0.793 0.774
0.131 0.966 0.719 0.764
0.114 0.967 1.019 0.682
0.056 0.987 0.716 0.790
0.058 0.986 0.709 0.795
0.069 0.987 0.680 0.795
0.083 0.978 0.725 0.779
0.106 0.969 0.987 0.692
0.093 0.968 0.698 0.779
0.073 0.977 0.647 0.795
0.084 0.974 0.696 0.785
0.078 0.966 0.681 0.800
0.101 0.974 0.721 0.800
0.096 0.964 0.747 0.800
0.077 0.972 0.881 0.723
0.074 0.973 0.815 0.764
0.093 0.972 0.881 0.779
0.082 0.968 0.685 0.764
0.082 0.974 0.772 0.779
0.102 0.980 0.676 0.779
0.091 0.966 0.844 0.744
0.080 0.967 0.803 0.754
0.076 0.981 0.752 0.774
0.094 0.976 0.793 0.764
0.088 0.978 0.782 0.779
0.063 0.978 0.721 0.749
0.065 0.982 0.786 0.774
0.071 0.976 0.663 0.790
0.060 0.986 0.701 0.774
0.057 0.985 0.731 0.779
0.070 0.987 0.685 0.795
0.073 0.977 0.829 0.779
0.067 0.982 0.761 0.774
0.060 0.983 0.699 0.774
0.064 0.982 0.688 0.800
0.103 0.981 0.780 0.790
0.123 0.976 0.862 0.703
0.077 0.982 0.696 0.785
0.079 0.981 0.746 0.821
0.110 0.978 0.672 0.785
0.073 0.987 0.773 0.790
0.083 0.978 0.802 0.774
0.135 0.981 0.688 0.785
0.086 0.971 1.027 0.703
0.058 0.989 0.843 0.769
0.061 0.981 0.757 0.779
0.079 0.978 0.749 0.779
0.101 0.974 0.768 0.769
0.078 0.971 0.690 0.795
0.075 0.973 0.725 0.774
0.069 0.980 0.710 0.769
0.101 0.978 0.760 0.738
0.062 0.978 0.743 0.810
0.060 0.981 0.703 0.805
0.075 0.983 0.697 0.774
0.084 0.971 0.751 0.790
0.086 0.977 0.779 0.779
0.073 0.978 0.806 0.769
0.064 0.980 0.770 0.779
0.054 0.987 0.748 0.779
0.096 0.977 0.681 0.774
0.073 0.982 0.685 0.779
0.085 0.982 0.797 0.779
0.099 0.978 0.741 0.759
0.065 0.982 0.872 0.744
0.061 0.978 0.773 0.774
0.070 0.983 0.744 0.785
0.066 0.982 0.709 0.790
0.059 0.987 0.681 0.779
0.051 0.990 0.774 0.774
0.059 0.986 0.665 0.769
0.054 0.990 0.791 0.764
0.062 0.986 0.697 0.779
0.072 0.989 0.725 0.800
0.065 0.978 0.795 0.779
0.059 0.983 0.688 0.795
0.057 0.983 0.783 0.774
0.063 0.974 0.787 0.774
0.117 0.977 0.709 0.769
0.115 0.964 0.791 0.774
0.071 0.976 0.654 0.744
0.068 0.976 0.722 0.759
0.060 0.981 0.784 0.728
0.059 0.986 0.889 0.728
0.056 0.982 0.652 0.779
0.073 0.978 0.700 0.785
0.068 0.981 0.869 0.764
0.058 0.986 0.764 0.779
0.061 0.986 0.781 0.790
0.065 0.991 0.707 0.795
0.076 0.983 0.753 0.774
0.057 0.986 0.734 0.774
0.074 0.983 0.811 0.779
0.060 0.986 0.853 0.754
0.052 0.986 0.894 0.764
0.056 0.983 0.703 0.785
0.061 0.983 0.740 0.790
0.062 0.982 0.716 0.785
0.061 0.981 0.774 0.790
0.061 0.983 0.799 0.769
0.063 0.981 0.863 0.790
0.060 0.983 0.815 0.795
0.066 0.982 0.800 0.800
0.057 0.987 0.806 0.785
0.087 0.987 0.847 0.754
0.065 0.987 0.934 0.749
0.065 0.982 0.787 0.790
0.050 0.983 0.784 0.779
0.051 0.989 0.881 0.785
0.071 0.985 0.869 0.728
0.058 0.977 1.071 0.733
0.107 0.981 0.778 0.790
0.092 0.982 0.797 0.790
0.098 0.977 0.779 0.785
0.073 0.977 1.166 0.662
0.075 0.982 0.742 0.774
0.061 0.978 0.790 0.795
0.059 0.980 0.727 0.779
0.082 0.980 0.790 0.790
0.061 0.986 0.743 0.800
0.056 0.983 0.761 0.795
0.059 0.989 0.770 0.785
0.066 0.990 0.757 0.795
0.066 0.987 0.792 0.790
0.110 0.981 0.764 0.764
0.109 0.967 0.765 0.744
0.097 0.974 0.711 0.779
0.070 0.978 0.843 0.733
0.107 0.983 0.970 0.749
0.083 0.969 0.743 0.790
0.058 0.986 0.707 0.785
0.069 0.986 0.838 0.769
0.052 0.986 0.797 0.779
0.073 0.980 0.789 0.774
0.060 0.982 0.705 0.785
0.052 0.983 0.697 0.790
0.067 0.983 0.782 0.764
0.068 0.985 0.777 0.749
0.048 0.989 0.773 0.800
0.061 0.986 0.805 0.769
0.128 0.982 0.808 0.795
0.065 0.978 0.862 0.779
0.053 0.990 0.877 0.759
0.059 0.980 0.848 0.769
0.065 0.986 0.757 0.764
0.077 0.981 0.713 0.795
0.053 0.986 0.750 0.759
0.058 0.990 0.747 0.779
0.050 0.987 0.798 0.774
0.056 0.987 0.790 0.774
0.070 0.982 0.750 0.779
0.060 0.981 0.737 0.774
0.083 0.983 0.707 0.785
0.047 0.990 0.693 0.774
0.054 0.987 0.784 0.774
0.053 0.990 0.808 0.769
0.046 0.986 0.828 0.779
0.050 0.989 0.748 0.779
0.051 0.986 0.868 0.764
0.075 0.986 0.801 0.769
0.054 0.987 0.705 0.790
0.047 0.987 0.799 0.769
0.052 0.990 0.812 0.774
0.072 0.987 0.782 0.774
0.052 0.983 0.858 0.759
0.051 0.986 0.800 0.769
0.086 0.986 0.825 0.769
0.056 0.987 0.686 0.795
0.046 0.990 0.749 0.795
0.051 0.987 0.745 0.785
0.050 0.987 0.836 0.785
0.057 0.983 0.845 0.785
0.046 0.987 0.807 0.805
0.053 0.991 0.865 0.779
0.072 0.983 0.807 0.754
0.045 0.991 0.839 0.764
0.053 0.986 0.765 0.790
0.044 0.990 0.837 0.805
0.059 0.986 0.869 0.774
0.077 0.978 0.774 0.774
0.054 0.987 1.211 0.662
0.059 0.989 0.827 0.759
0.063 0.989 0.805 0.785
0.063 0.990 0.787 0.754
0.051 0.986 0.731 0.790
0.051 0.989 0.706 0.815
0.058 0.981 0.847 0.779
0.065 0.987 0.813 0.774
0.072 0.986 0.779 0.769
0.066 0.982 0.862 0.779
0.077 0.990 0.754 0.774
0.072 0.973 0.784 0.764
0.049 0.986 0.778 0.774
0.056 0.991 0.858 0.754
0.083 0.980 0.819 0.764
0.059 0.986 0.930 0.790
0.090 0.983 0.846 0.800
0.087 0.985 0.804 0.754
0.079 0.982 1.036 0.723
0.044 0.990 0.878 0.749
0.069 0.986 0.766 0.790
0.096 0.980 0.789 0.800
0.067 0.989 0.738 0.805
0.085 0.986 0.785 0.790
0.076 0.978 0.793 0.790
0.056 0.986 0.818 0.785
0.061 0.982 0.854 0.795
0.065 0.986 0.791 0.764
0.063 0.990 0.816 0.769
0.050 0.983 0.856 0.790
0.057 0.989 0.804 0.785
0.065 0.987 0.782 0.764
0.058 0.989 0.830 0.764
0.057 0.987 0.887 0.779
0.047 0.987 0.857 0.795
0.071 0.986 0.811 0.779
0.054 0.987 0.908 0.744
0.055 0.985 0.904 0.749
0.046 0.990 0.772 0.769
0.073 0.986 0.835 0.774
0.050 0.989 0.827 0.795
0.041 0.990 0.766 0.779
0.057 0.987 0.843 0.785
0.075 0.982 0.773 0.790
0.066 0.989 0.762 0.744
0.060 0.986 0.950 0.733
0.049 0.987 0.831 0.785
0.059 0.985 0.843 0.769
0.056 0.986 0.992 0.774
0.048 0.990 0.783 0.785
0.048 0.989 0.872 0.795
0.065 0.990 0.730 0.805
0.045 0.990 0.768 0.800
0.049 0.989 0.964 0.785
0.045 0.986 0.715 0.779
0.061 0.992 0.798 0.785
0.044 0.990 0.808 0.790
0.078 0.981 0.794 0.769
0.052 0.985 0.909 0.759
0.064 0.989 0.819 0.779
0.045 0.991 0.823 0.769
0.043 0.991 0.841 0.779
0.054 0.992 0.844 0.785
0.050 0.990 0.813 0.764
0.084 0.986 0.809 0.790
0.051 0.983 0.823 0.805
0.048 0.986 0.892 0.759
0.046 0.990 0.805 0.790
0.058 0.986 0.764 0.779
0.064 0.977 0.791 0.764
0.060 0.990 0.793 0.779
0.046 0.990 0.758 0.790
0.079 0.983 0.842 0.764
0.064 0.987 0.814 0.759
0.061 0.985 0.951 0.759
0.053 0.994 0.945 0.744
0.048 0.987 0.782 0.779
0.050 0.987 0.775 0.769
0.044 0.991 0.812 0.774
0.055 0.990 0.766 0.779
0.091 0.991 0.755 0.800
0.051 0.991 0.816 0.774
0.070 0.987 0.839 0.779
0.048 0.983 0.895 0.795
0.054 0.987 0.714 0.785
0.061 0.986 0.819 0.810
0.047 0.983 0.859 0.795
0.054 0.989 0.831 0.774
0.091 0.989 0.795 0.769
0.097 0.986 0.813 0.785
0.042 0.991 0.788 0.779
0.067 0.983 0.797 0.795
0.094 0.986 0.754 0.785
0.046 0.987 0.774 0.785
0.039 0.991 0.807 0.774
0.046 0.991 0.755 0.769
0.078 0.990 0.778 0.774
0.042 0.994 0.827 0.764
0.131 0.990 0.799 0.800
0.063 0.992 0.791 0.749
0.076 0.983 0.862 0.790
0.074 0.981 0.874 0.728
0.066 0.983 0.910 0.779
0.048 0.987 0.734 0.785
0.046 0.989 0.790 0.790
0.062 0.987 0.785 0.785
0.080 0.973 0.742 0.790
0.063 0.983 0.882 0.810
0.059 0.989 0.828 0.779
0.069 0.985 0.885 0.790
0.065 0.983 0.800 0.800
0.042 0.987 0.788 0.810
0.044 0.992 0.855 0.769
0.064 0.986 0.897 0.759
0.043 0.989 0.907 0.785
0.043 0.987 0.804 0.790
0.110 0.985 0.785 0.779
0.049 0.987 0.764 0.769
0.053 0.985 0.837 0.764
0.049 0.991 0.880 0.779
0.051 0.986 0.806 0.774
0.045 0.990 0.803 0.785
0.069 0.987 0.846 0.779
0.071 0.985 0.828 0.805
0.048 0.986 0.853 0.769
0.040 0.992 0.826 0.764
0.055 0.992 0.824 0.764
0.053 0.986 0.862 0.790
0.037 0.996 0.805 0.774
0.070 0.990 0.896 0.800
0.055 0.986 0.727 0.805
0.048 0.989 0.925 0.779
0.066 0.986 0.821 0.785
0.041 0.989 0.847 0.785
0.063 0.985 0.773 0.795
0.056 0.985 0.781 0.790
0.054 0.992 0.855 0.785
0.065 0.980 0.876 0.759
0.042 0.992 0.950 0.749
0.058 0.985 0.855 0.769
0.044 0.990 0.866 0.759
0.054 0.989 0.825 0.790
0.053 0.989 0.719 0.790
0.039 0.992 0.735 0.779
0.089 0.989 0.855 0.769
0.043 0.994 0.751 0.795
0.108 0.986 0.761 0.774
0.047 0.982 0.935 0.764
0.062 0.987 0.760 0.774
0.046 0.992 0.840 0.810
0.091 0.983 0.849 0.785
0.074 0.990 0.841 0.774
0.066 0.986 0.837 0.774
0.081 0.989 0.840 0.785
0.058 0.987 0.889 0.764
0.048 0.989 0.753 0.774
0.046 0.989 0.814 0.779
0.053 0.990 0.936 0.805
0.044 0.990 0.820 0.805
0.042 0.990 0.811 0.769
0.047 0.987 0.939 0.779
0.083 0.992 0.820 0.774
0.047 0.987 0.850 0.790
0.058 0.987 0.846 0.774
0.040 0.991 0.870 0.774
0.087 0.986 0.892 0.774
0.059 0.990 0.883 0.779
0.046 0.983 0.795 0.805
0.061 0.990 0.845 0.795
0.052 0.987 0.867 0.800
0.058 0.983 0.783 0.790
0.049 0.990 0.927 0.769
0.045 0.992 0.919 0.785
0.041 0.991 0.855 0.779
0.048 0.989 0.844 0.790
0.036 0.989 0.826 0.779
0.046 0.990 0.888 0.785
0.041 0.991 0.837 0.790
0.051 0.986 0.793 0.785
0.045 0.991 0.824 0.785
0.048 0.989 0.765 0.795
0.036 0.994 0.862 0.790
0.056 0.989 0.812 0.790
0.045 0.990 0.877 0.795
0.040 0.987 0.780 0.785
0.095 0.989 0.859 0.779
0.072 0.983 0.935 0.795
0.044 0.990 0.851 0.795
0.043 0.991 0.754 0.795
0.066 0.990 0.843 0.779
0.054 0.987 0.820 0.800
0.057 0.991 0.932 0.774
0.047 0.991 0.777 0.779
0.112 0.982 0.754 0.800
0.050 0.983 0.845 0.769
0.047 0.992 0.805 0.774
0.042 0.992 0.924 0.779
0.072 0.989 0.791 0.774
0.054 0.990 0.907 0.785
0.073 0.989 0.803 0.779
0.054 0.985 0.846 0.779
0.050 0.986 0.761 0.779
0.048 0.986 0.891 0.779
0.061 0.990 0.826 0.795
0.045 0.996 0.791 0.785
0.070 0.985 0.818 0.764
0.049 0.990 0.820 0.779
0.075 0.992 0.856 0.790
0.048 0.989 0.760 0.800
0.052 0.994 0.760 0.795
0.054 0.987 0.885 0.774
0.046 0.991 0.843 0.779
0.188 0.982 0.754 0.800
0.080 0.980 0.851 0.790
0.055 0.986 0.985 0.713
0.049 0.990 0.922 0.754
0.047 0.985 0.901 0.779
0.055 0.987 0.843 0.779
0.043 0.991 0.884 0.774
0.047 0.990 0.815 0.785
0.037 0.995 0.736 0.779
0.042 0.995 0.762 0.785
0.059 0.986 0.724 0.790
0.057 0.989 0.837 0.785
0.060 0.989 0.849 0.795
0.057 0.986 0.830 0.769
0.123 0.989 0.805 0.769
0.055 0.989 0.836 0.769
0.094 0.987 0.938 0.769
0.048 0.986 0.900 0.749
0.064 0.990 0.885 0.769
0.045 0.991 0.824 0.785
0.043 0.989 0.868 0.790
0.053 0.989 0.772 0.769
0.050 0.989 0.954 0.744
0.040 0.992 0.860 0.759
0.063 0.985 0.813 0.779
0.040 0.992 0.814 0.805
0.059 0.985 0.853 0.805
0.048 0.996 0.936 0.785
0.042 0.992 0.799 0.790
0.052 0.987 0.855 0.779
0.066 0.990 0.875 0.785
0.042 0.997 0.911 0.764
0.048 0.989 0.820 0.779
0.037 0.989 0.852 0.800
0.053 0.991 0.787 0.779
0.049 0.987 0.833 0.795
0.066 0.987 0.732 0.785
0.047 0.991 0.822 0.774
0.074 0.986 0.866 0.769
0.049 0.989 0.899 0.759
0.691 0.550 0.703 0.446
0.658 0.613 0.691 0.518
0.691 0.550 0.703 0.446
0.691 0.550 0.703 0.446
0.658 0.613 0.691 0.518
0.691 0.550 0.703 0.446
0.658 0.613 0.691 0.518
0.691 0.550 0.703 0.446
0.658 0.613 0.691 0.518
0.630 0.654 0.689 0.523
0.619 0.674 0.696 0.467
0.691 0.550 0.703 0.446
0.658 0.613 0.691 0.518
0.630 0.654 0.689 0.523
0.619 0.674 0.696 0.467
0.691 0.550 0.703 0.446
0.658 0.613 0.691 0.518
0.630 0.654 0.689 0.523
0.619 0.674 0.696 0.467
0.606 0.676 0.746 0.446
0.610 0.673 0.774 0.451
0.600 0.702 0.731 0.533
0.601 0.706 0.837 0.497
0.585 0.716 1.051 0.482
0.542 0.710 1.236 0.456
0.532 0.732 0.871 0.472
0.578 0.731 0.800 0.585
0.691 0.550 0.703 0.446
0.658 0.613 0.691 0.518
0.630 0.654 0.689 0.523
0.619 0.674 0.696 0.467
0.606 0.676 0.746 0.446
0.610 0.673 0.774 0.451
0.600 0.702 0.731 0.533
0.601 0.706 0.837 0.497
0.585 0.716 1.051 0.482
0.691 0.550 0.703 0.446
0.658 0.613 0.691 0.518
0.630 0.654 0.689 0.523
0.619 0.674 0.696 0.467
0.606 0.676 0.746 0.446
0.610 0.673 0.774 0.451
0.600 0.702 0.731 0.533
0.601 0.706 0.837 0.497
0.585 0.716 1.051 0.482
0.542 0.710 1.236 0.456
0.532 0.732 0.871 0.472
0.578 0.731 0.800 0.585
0.543 0.732 0.779 0.538
0.541 0.732 1.115 0.482
0.534 0.733 1.319 0.467
0.524 0.727 1.329 0.462
