0.686 0.556 0.697 0.446
0.656 0.623 0.689 0.574
0.631 0.628 0.700 0.472
0.621 0.655 0.722 0.487
0.602 0.685 0.745 0.477
0.577 0.678 0.696 0.538
0.583 0.701 0.680 0.590
0.570 0.718 0.636 0.621
0.524 0.727 0.658 0.585
0.587 0.723 0.712 0.574
0.542 0.725 0.835 0.497
0.516 0.724 0.675 0.651
0.516 0.732 0.733 0.605
0.511 0.745 1.281 0.467
0.506 0.737 0.690 0.610
0.517 0.755 0.657 0.636
0.522 0.732 0.655 0.641
0.491 0.752 0.647 0.636
0.496 0.760 0.613 0.641
0.528 0.738 0.730 0.595
0.543 0.751 0.962 0.528
0.505 0.739 0.671 0.662
0.487 0.757 0.611 0.646
0.505 0.759 0.625 0.672
0.477 0.759 0.702 0.651
0.517 0.771 0.714 0.631
0.476 0.775 0.744 0.600
0.495 0.783 0.828 0.585
0.503 0.768 0.821 0.610
0.443 0.785 0.725 0.600
0.485 0.784 0.616 0.677
0.460 0.766 0.607 0.687
0.447 0.788 0.894 0.631
0.440 0.774 0.590 0.708
0.437 0.796 0.640 0.662
0.435 0.796 0.654 0.656
0.448 0.794 0.641 0.646
0.426 0.806 1.032 0.569
0.476 0.801 1.016 0.549
0.447 0.792 0.701 0.656
0.428 0.808 0.600 0.708
0.482 0.794 0.632 0.713
0.405 0.812 0.825 0.610
0.424 0.806 0.748 0.600
0.479 0.796 0.757 0.672
0.473 0.778 0.926 0.554
0.400 0.815 0.626 0.692
0.398 0.811 0.945 0.615
0.393 0.825 0.649 0.738
0.405 0.820 0.795 0.605
0.404 0.808 0.613 0.677
0.398 0.817 0.634 0.692
0.428 0.814 0.677 0.667
0.439 0.814 0.732 0.641
0.396 0.822 1.032 0.595
0.391 0.820 0.759 0.656
0.378 0.835 1.075 0.569
0.391 0.842 1.238 0.569
0.374 0.826 0.924 0.626
0.397 0.840 0.810 0.610
0.442 0.812 0.937 0.631
0.439 0.799 0.846 0.621
0.432 0.791 0.632 0.697
0.409 0.815 1.285 0.574
0.376 0.835 0.625 0.703
0.348 0.839 0.597 0.697
0.355 0.834 0.629 0.723
0.416 0.838 0.653 0.723
0.410 0.788 0.884 0.621
0.393 0.837 0.615 0.708
0.373 0.838 0.670 0.697
0.386 0.852 0.685 0.708
0.356 0.833 0.726 0.718
0.346 0.849 0.862 0.646
0.354 0.844 0.638 0.718
0.355 0.830 0.774 0.703
0.328 0.862 0.605 0.744
0.374 0.826 0.660 0.692
0.380 0.834 0.649 0.687
0.356 0.828 0.608 0.728
0.362 0.851 0.611 0.744
0.340 0.844 0.638 0.733
0.370 0.845 0.626 0.723
0.397 0.851 0.883 0.626
0.395 0.815 0.980 0.615
0.393 0.840 0.879 0.646
0.368 0.839 1.435 0.564
0.404 0.862 0.623 0.718
0.372 0.821 0.858 0.579
0.371 0.843 0.656 0.749
0.368 0.856 0.780 0.662
0.362 0.849 0.738 0.667
0.367 0.848 1.168 0.559
0.355 0.862 0.728 0.697
0.354 0.863 1.524 0.508
0.354 0.843 0.757 0.677
0.350 0.851 0.638 0.728
0.378 0.843 0.749 0.697
0.421 0.810 0.815 0.672
0.417 0.854 0.704 0.677
0.328 0.857 0.619 0.703
0.302 0.868 0.600 0.769
0.338 0.863 0.535 0.774
0.392 0.870 0.867 0.662
0.325 0.860 1.019 0.564
0.331 0.872 0.574 0.744
0.318 0.880 0.517 0.790
0.325 0.883 0.520 0.744
0.331 0.883 0.610 0.738
0.326 0.880 0.896 0.692
0.359 0.870 0.699 0.738
0.299 0.867 0.636 0.785
0.333 0.851 0.831 0.626
0.286 0.898 0.576 0.749
0.347 0.862 0.718 0.723
0.319 0.858 0.622 0.728
0.342 0.880 0.610 0.733
0.300 0.871 0.634 0.754
0.303 0.870 0.693 0.708
0.344 0.848 0.683 0.733
0.263 0.907 0.740 0.667
0.306 0.879 0.588 0.738
0.312 0.897 0.649 0.744
0.321 0.879 0.621 0.718
0.300 0.876 0.873 0.677
0.293 0.881 0.675 0.738
0.296 0.891 0.587 0.749
0.278 0.891 0.600 0.733
0.293 0.899 0.625 0.754
0.274 0.886 0.624 0.744
0.291 0.894 0.652 0.723
0.273 0.881 0.611 0.769
0.279 0.895 0.645 0.754
0.276 0.880 0.590 0.744
0.268 0.897 0.720 0.708
0.285 0.888 0.569 0.759
0.289 0.890 0.647 0.764
0.285 0.870 0.697 0.738
0.293 0.883 0.769 0.646
0.260 0.885 0.633 0.718
0.257 0.897 0.556 0.790
0.353 0.889 0.698 0.667
0.300 0.856 0.967 0.646
0.314 0.879 0.752 0.703
0.270 0.900 0.866 0.646
0.272 0.888 0.605 0.723
0.245 0.913 0.554 0.744
0.254 0.899 0.591 0.759
0.239 0.908 0.639 0.749
0.270 0.903 0.608 0.754
0.275 0.890 0.865 0.651
0.334 0.895 0.849 0.662
0.278 0.889 0.768 0.697
0.277 0.886 0.645 0.754
0.231 0.902 0.594 0.744
0.273 0.914 0.687 0.754
0.255 0.903 0.677 0.759
0.280 0.888 0.590 0.764
0.248 0.902 0.607 0.713
0.281 0.905 0.754 0.749
0.258 0.897 0.600 0.728
0.287 0.871 0.651 0.754
0.266 0.885 0.624 0.744
0.291 0.874 1.102 0.646
0.259 0.911 0.906 0.697
0.294 0.894 0.742 0.687
0.266 0.904 1.057 0.646
0.279 0.908 0.655 0.703
0.258 0.900 0.638 0.697
0.233 0.902 0.873 0.672
0.252 0.899 0.700 0.749
0.224 0.908 0.567 0.754
0.246 0.916 0.821 0.697
0.259 0.900 0.760 0.708
0.251 0.888 0.740 0.738
0.238 0.904 0.803 0.718
0.241 0.907 0.754 0.718
0.239 0.895 0.564 0.785
0.224 0.908 0.768 0.677
0.238 0.913 0.858 0.615
0.272 0.903 0.608 0.703
0.270 0.905 0.525 0.790
0.334 0.865 0.686 0.733
0.290 0.884 0.851 0.687
0.285 0.883 0.915 0.692
0.228 0.907 0.845 0.682
0.250 0.902 0.541 0.738
0.324 0.897 0.600 0.749
0.250 0.907 0.669 0.733
0.238 0.914 0.526 0.774
0.327 0.912 0.681 0.718
0.368 0.871 1.264 0.621
0.242 0.897 0.759 0.733
0.245 0.908 0.755 0.738
0.249 0.912 0.644 0.738
0.256 0.897 0.621 0.728
0.254 0.904 0.665 0.749
0.302 0.909 1.098 0.610
0.256 0.894 0.532 0.769
0.221 0.927 0.812 0.692
0.211 0.918 0.625 0.703
0.229 0.922 0.629 0.733
0.223 0.913 0.629 0.754
0.255 0.922 0.609 0.744
0.242 0.922 0.725 0.759
0.198 0.912 0.557 0.779
0.203 0.936 0.569 0.769
0.206 0.898 0.598 0.769
0.181 0.930 0.611 0.759
0.227 0.917 0.571 0.774
0.276 0.908 0.609 0.728
0.225 0.921 0.650 0.744
0.216 0.923 0.613 0.785
0.256 0.905 0.779 0.713
0.352 0.868 0.684 0.759
0.336 0.865 0.730 0.723
0.236 0.905 0.629 0.785
0.215 0.917 0.536 0.774
0.249 0.922 0.592 0.713
0.223 0.921 0.821 0.667
0.216 0.905 0.587 0.764
0.251 0.911 0.598 0.754
0.217 0.909 0.631 0.795
0.249 0.907 0.715 0.733
0.222 0.920 0.654 0.774
0.203 0.909 0.652 0.754
0.208 0.927 0.693 0.718
0.226 0.907 0.720 0.708
0.204 0.923 0.634 0.769
0.218 0.934 0.738 0.723
0.233 0.908 0.697 0.749
0.274 0.904 0.638 0.744
0.295 0.865 1.042 0.646
0.223 0.905 0.672 0.785
0.222 0.921 0.713 0.764
0.202 0.920 0.724 0.718
0.206 0.917 0.630 0.708
0.210 0.921 0.729 0.738
0.210 0.926 0.688 0.744
0.189 0.927 0.654 0.769
0.206 0.909 0.656 0.738
0.227 0.917 0.651 0.744
0.168 0.935 0.653 0.738
0.179 0.939 0.614 0.759
0.195 0.935 0.634 0.754
0.197 0.922 0.614 0.769
0.188 0.927 0.589 0.785
0.179 0.927 0.587 0.774
0.176 0.927 0.591 0.774
0.197 0.935 0.660 0.764
0.207 0.917 0.772 0.733
0.219 0.898 0.686 0.754
0.217 0.902 0.623 0.754
0.258 0.913 0.666 0.749
0.267 0.890 0.774 0.713
0.206 0.900 0.783 0.713
0.201 0.926 0.691 0.769
0.221 0.931 1.040 0.646
0.300 0.903 1.604 0.590
0.253 0.922 0.671 0.749
0.193 0.920 0.701 0.779
0.228 0.931 0.801 0.708
0.269 0.916 0.678 0.728
0.229 0.886 0.832 0.759
0.188 0.926 0.648 0.744
0.166 0.936 0.698 0.718
0.182 0.945 0.577 0.785
0.205 0.911 0.641 0.764
0.160 0.941 0.679 0.764
0.156 0.940 0.630 0.774
0.167 0.941 0.686 0.764
0.175 0.923 0.759 0.749
0.191 0.923 0.659 0.759
0.164 0.934 0.602 0.774
0.152 0.939 0.600 0.774
0.145 0.950 0.674 0.769
0.172 0.934 0.663 0.774
0.174 0.944 0.710 0.733
0.152 0.939 0.664 0.754
0.192 0.928 0.768 0.744
0.170 0.918 0.614 0.785
0.185 0.934 0.566 0.774
0.203 0.937 0.579 0.754
0.169 0.926 0.600 0.774
0.157 0.932 0.634 0.764
0.158 0.948 0.543 0.779
0.175 0.931 0.748 0.703
0.172 0.946 0.638 0.749
0.195 0.939 0.734 0.749
0.189 0.928 0.682 0.749
0.218 0.902 0.763 0.733
0.207 0.921 0.647 0.733
0.157 0.928 0.721 0.728
0.184 0.948 0.578 0.779
0.164 0.932 0.608 0.744
0.147 0.943 0.795 0.692
0.206 0.928 0.623 0.754
0.242 0.908 0.661 0.728
0.226 0.907 0.945 0.703
0.183 0.931 1.114 0.708
0.175 0.946 0.592 0.795
0.150 0.946 0.584 0.790
0.194 0.937 0.581 0.764
0.152 0.939 0.736 0.764
0.201 0.944 0.631 0.774
0.146 0.932 0.531 0.800
0.217 0.945 0.998 0.718
0.232 0.928 0.826 0.708
0.222 0.912 1.353 0.605
0.148 0.936 0.616 0.779
0.143 0.959 0.667 0.774
0.127 0.955 0.596 0.749
0.175 0.948 0.609 0.779
0.145 0.941 0.740 0.774
0.141 0.954 0.716 0.754
0.170 0.940 0.693 0.749
0.142 0.946 0.755 0.749
0.129 0.954 0.607 0.769
0.130 0.960 0.669 0.785
0.144 0.955 0.659 0.779
0.160 0.943 0.832 0.744
0.141 0.946 0.631 0.754
0.159 0.958 0.599 0.785
0.166 0.945 0.652 0.754
0.178 0.946 0.624 0.754
0.205 0.937 0.677 0.759
0.163 0.955 0.903 0.692
0.178 0.943 0.632 0.744
0.162 0.943 0.694 0.774
0.220 0.944 0.685 0.774
0.185 0.920 1.071 0.672
0.158 0.939 0.636 0.769
0.152 0.943 0.633 0.774
0.144 0.940 0.898 0.728
0.123 0.953 0.678 0.779
0.169 0.939 0.854 0.764
0.165 0.948 0.595 0.774
0.160 0.935 0.629 0.728
0.122 0.955 0.627 0.779
0.136 0.945 0.623 0.764
0.187 0.940 0.838 0.713
0.197 0.920 1.324 0.656
0.205 0.937 0.666 0.738
0.132 0.945 0.621 0.774
0.126 0.958 0.630 0.774
0.128 0.949 0.661 0.759
0.158 0.949 0.646 0.774
0.130 0.946 0.639 0.790
0.111 0.955 0.614 0.759
0.137 0.949 0.720 0.759
0.133 0.944 0.709 0.764
0.128 0.949 0.666 0.790
0.112 0.953 0.720 0.744
0.129 0.962 0.701 0.759
0.140 0.950 0.695 0.754
0.140 0.943 0.606 0.759
0.146 0.950 0.765 0.774
0.156 0.936 0.676 0.769
0.119 0.953 0.643 0.774
0.123 0.951 0.627 0.774
0.159 0.946 0.657 0.754
0.168 0.941 0.723 0.754
0.174 0.925 0.793 0.769
0.129 0.946 0.699 0.764
0.204 0.936 0.631 0.800
0.148 0.946 0.714 0.713
0.164 0.934 0.714 0.738
0.157 0.943 0.632 0.779
0.129 0.945 0.633 0.759
0.120 0.957 0.604 0.774
0.125 0.950 0.861 0.744
0.139 0.954 0.683 0.759
0.214 0.931 0.880 0.713
0.188 0.943 0.975 0.687
0.112 0.957 0.689 0.723
0.145 0.958 0.790 0.728
0.151 0.937 0.730 0.769
0.149 0.936 0.739 0.779
0.128 0.962 0.700 0.754
0.132 0.950 0.596 0.774
0.119 0.957 0.692 0.785
0.123 0.957 0.695 0.764
0.119 0.953 0.642 0.764
0.111 0.957 0.796 0.733
0.107 0.955 0.605 0.769
0.117 0.951 0.651 0.759
0.138 0.951 0.809 0.774
0.125 0.951 0.876 0.723
0.164 0.941 0.728 0.744
0.135 0.957 0.646 0.764
0.116 0.962 0.650 0.754
0.114 0.958 0.923 0.692
0.120 0.949 0.619 0.769
0.150 0.940 0.665 0.769
0.108 0.958 0.639 0.749
0.106 0.962 0.629 0.785
0.109 0.960 0.722 0.749
0.093 0.971 0.672 0.779
0.178 0.955 0.671 0.774
0.162 0.946 0.959 0.728
0.110 0.962 0.867 0.713
0.111 0.958 0.963 0.672
0.095 0.963 0.716 0.754
0.094 0.962 0.663 0.790
0.153 0.960 0.706 0.764
0.116 0.955 0.678 0.790
0.130 0.959 0.651 0.774
0.106 0.959 0.737 0.779
0.110 0.963 0.729 0.769
0.105 0.957 0.637 0.805
0.098 0.960 0.739 0.779
0.093 0.969 0.701 0.774
0.092 0.968 0.654 0.790
0.129 0.966 0.830 0.754
0.117 0.958 0.622 0.754
0.110 0.962 0.733 0.754
0.106 0.960 0.792 0.733
0.127 0.962 0.615 0.774
0.134 0.958 0.723 0.749
0.115 0.955 0.877 0.728
0.094 0.962 0.748 0.764
0.104 0.967 0.683 0.769
0.097 0.963 0.761 0.764
0.097 0.971 0.676 0.785
0.102 0.960 0.647 0.769
0.089 0.973 0.705 0.774
0.086 0.980 0.626 0.785
0.106 0.972 0.630 0.774
0.099 0.968 0.758 0.744
0.111 0.969 0.826 0.733
0.129 0.971 0.697 0.769
0.146 0.953 0.822 0.759
0.130 0.946 0.733 0.744
0.110 0.959 0.645 0.749
0.115 0.954 0.771 0.769
0.105 0.972 0.678 0.774
0.106 0.959 0.875 0.738
0.084 0.966 0.770 0.785
0.094 0.968 0.810 0.779
0.099 0.971 0.778 0.764
0.139 0.958 0.642 0.779
0.091 0.963 0.721 0.774
0.086 0.968 0.699 0.779
0.150 0.959 0.602 0.785
0.135 0.955 0.747 0.764
0.131 0.944 0.954 0.744
0.086 0.967 0.595 0.785
0.125 0.971 0.706 0.790
0.087 0.971 0.637 0.785
0.115 0.969 0.717 0.785
0.090 0.964 0.775 0.774
0.105 0.972 0.810 0.779
0.117 0.969 0.624 0.764
0.114 0.959 0.878 0.723
0.085 0.968 1.471 0.595
0.104 0.966 0.584 0.779
0.113 0.971 0.725 0.769
0.107 0.955 0.743 0.764
0.096 0.964 0.845 0.774
0.093 0.966 0.890 0.708
0.094 0.968 0.685 0.754
0.081 0.973 0.663 0.774
0.079 0.969 0.705 0.790
0.103 0.977 0.689 0.779
0.098 0.955 0.909 0.692
0.094 0.972 0.677 0.774
0.083 0.976 0.704 0.759
0.080 0.976 0.782 0.790
0.082 0.973 0.685 0.774
0.082 0.976 0.798 0.779
0.077 0.978 0.709 0.769
0.101 0.963 0.760 0.785
0.107 0.962 0.763 0.774
0.090 0.967 0.910 0.738
0.088 0.971 0.767 0.754
0.085 0.969 0.713 0.790
0.089 0.972 0.691 0.795
0.095 0.968 0.869 0.744
0.086 0.964 0.819 0.764
0.079 0.980 0.852 0.754
0.081 0.980 0.894 0.744
0.095 0.973 0.646 0.779
0.098 0.968 0.746 0.728
0.120 0.966 0.757 0.785
0.104 0.960 0.703 0.749
0.103 0.958 0.651 0.769
0.120 0.966 0.793 0.779
0.103 0.968 0.685 0.779
0.129 0.954 0.663 0.754
0.094 0.960 0.785 0.744
0.097 0.971 0.879 0.713
0.105 0.964 1.097 0.708
0.101 0.958 0.786 0.785
0.105 0.958 0.839 0.723
0.077 0.972 0.698 0.769
0.089 0.972 0.806 0.764
0.088 0.974 0.758 0.764
0.113 0.974 0.804 0.779
0.125 0.959 0.886 0.769
0.106 0.957 0.924 0.687
0.081 0.977 1.193 0.697
0.090 0.962 0.769 0.779
0.088 0.974 0.749 0.769
0.080 0.973 0.739 0.785
0.109 0.972 0.674 0.774
0.078 0.962 0.724 0.764
0.110 0.974 0.766 0.769
0.109 0.957 0.709 0.785
0.077 0.978 1.269 0.656
0.077 0.976 0.813 0.754
0.096 0.981 0.674 0.785
0.073 0.972 0.875 0.769
0.071 0.977 0.716 0.790
0.065 0.982 0.774 0.779
0.073 0.976 0.838 0.774
0.071 0.974 0.753 0.779
0.071 0.980 0.681 0.790
0.104 0.972 0.738 0.779
0.080 0.972 0.748 0.764
0.080 0.974 0.653 0.779
0.098 0.969 0.743 0.774
0.087 0.967 0.728 0.774
0.089 0.974 0.706 0.759
0.115 0.971 0.750 0.785
0.113 0.972 1.163 0.641
0.125 0.964 0.914 0.759
0.101 0.964 1.097 0.708
0.082 0.972 0.839 0.764
0.093 0.974 0.681 0.779
0.074 0.978 0.685 0.779
0.088 0.973 0.682 0.779
0.095 0.973 0.706 0.785
0.097 0.966 0.736 0.774
0.120 0.967 0.725 0.795
0.083 0.976 0.690 0.800
0.077 0.978 0.727 0.785
0.078 0.976 0.802 0.764
0.081 0.967 0.693 0.764
0.116 0.976 0.746 0.795
0.109 0.972 0.624 0.790
0.109 0.972 0.791 0.779
0.083 0.977 0.797 0.764
0.116 0.973 1.245 0.656
0.130 0.964 0.963 0.703
0.075 0.966 0.864 0.769
0.062 0.985 0.747 0.790
0.082 0.981 0.661 0.779
0.077 0.976 0.715 0.779
0.074 0.972 0.752 0.769
0.080 0.977 0.693 0.764
0.071 0.976 0.921 0.738
0.094 0.971 0.737 0.785
0.064 0.980 0.686 0.769
0.106 0.980 0.750 0.795
0.082 0.972 0.782 0.790
0.072 0.978 0.869 0.759
0.079 0.980 0.733 0.764
0.104 0.974 0.663 0.779
0.085 0.973 0.823 0.779
0.100 0.972 0.940 0.728
0.096 0.960 0.986 0.728
0.087 0.969 1.026 0.723
0.061 0.980 0.763 0.774
0.107 0.973 0.886 0.733
0.076 0.974 0.930 0.733
0.071 0.980 0.762 0.785
0.073 0.978 0.794 0.785
0.088 0.967 0.790 0.749
0.067 0.978 0.802 0.779
0.117 0.968 0.765 0.805
0.109 0.955 0.825 0.769
0.069 0.972 0.847 0.759
0.145 0.974 0.840 0.774
0.091 0.964 0.878 0.774
0.078 0.980 0.839 0.749
0.066 0.977 0.943 0.759
0.068 0.981 0.759 0.769
0.097 0.976 0.662 0.769
0.099 0.976 1.005 0.723
0.101 0.969 1.354 0.631
0.079 0.978 0.809 0.764
0.072 0.976 1.014 0.744
0.093 0.974 0.768 0.779
0.105 0.972 0.784 0.779
0.070 0.980 0.702 0.795
0.074 0.978 0.712 0.774
0.067 0.978 0.860 0.749
0.080 0.982 0.729 0.785
0.066 0.977 0.734 0.769
0.067 0.981 0.801 0.785
0.069 0.978 0.732 0.785
0.092 0.976 0.800 0.785
0.081 0.966 0.836 0.769
0.071 0.981 0.753 0.790
0.094 0.972 0.933 0.759
0.085 0.973 0.922 0.749
0.083 0.974 0.923 0.744
0.062 0.977 0.838 0.779
0.081 0.985 0.725 0.779
0.070 0.978 0.734 0.795
0.070 0.977 0.795 0.785
0.061 0.978 0.815 0.779
0.053 0.982 0.795 0.785
0.061 0.983 0.894 0.779
0.066 0.982 0.716 0.779
0.067 0.981 0.735 0.785
0.060 0.985 0.785 0.790
0.059 0.985 0.747 0.790
0.056 0.986 0.738 0.790
0.100 0.981 0.792 0.790
0.057 0.980 0.891 0.754
0.089 0.981 0.816 0.764
0.074 0.985 0.775 0.774
0.077 0.977 0.740 0.774
0.134 0.980 0.784 0.759
0.086 0.976 0.783 0.759
0.066 0.976 0.804 0.774
0.073 0.986 0.860 0.790
0.064 0.980 0.844 0.749
0.064 0.982 0.769 0.769
0.058 0.982 0.781 0.785
0.063 0.983 0.781 0.785
0.092 0.974 0.745 0.764
0.081 0.985 0.669 0.785
0.097 0.976 0.699 0.769
0.069 0.974 0.949 0.703
0.090 0.989 0.948 0.744
0.068 0.978 0.750 0.769
0.056 0.981 0.774 0.774
0.055 0.981 0.787 0.769
0.065 0.981 0.820 0.774
0.064 0.986 0.823 0.764
0.084 0.977 0.776 0.779
0.080 0.978 0.835 0.779
0.057 0.978 0.819 0.795
0.063 0.982 0.749 0.779
0.059 0.986 0.827 0.785
0.054 0.987 0.796 0.779
0.064 0.986 0.821 0.769
0.064 0.977 0.783 0.774
0.068 0.981 0.786 0.779
0.063 0.980 0.943 0.754
0.060 0.981 0.954 0.759
0.053 0.990 0.754 0.769
0.048 0.982 0.787 0.779
0.058 0.980 0.832 0.769
0.055 0.985 0.782 0.769
0.067 0.980 0.800 0.764
0.053 0.981 0.708 0.769
0.055 0.982 0.745 0.779
0.063 0.981 0.828 0.779
0.067 0.978 0.792 0.795
0.052 0.985 0.873 0.800
0.055 0.985 0.818 0.790
0.061 0.981 0.855 0.779
0.078 0.982 0.845 0.759
0.088 0.967 1.051 0.754
0.057 0.972 0.742 0.795
0.062 0.983 0.780 0.769
0.060 0.982 0.751 0.795
0.060 0.985 0.728 0.779
0.060 0.981 0.743 0.785
0.081 0.980 0.890 0.774
0.073 0.978 0.995 0.754
0.081 0.981 0.948 0.769
0.088 0.977 0.803 0.749
0.065 0.978 0.813 0.774
0.074 0.977 0.829 0.764
0.048 0.982 0.988 0.769
0.057 0.989 0.727 0.769
0.054 0.986 0.691 0.769
0.070 0.985 0.863 0.785
0.051 0.982 0.805 0.764
0.061 0.985 0.868 0.764
0.051 0.990 0.786 0.774
0.057 0.983 0.858 0.769
0.055 0.987 0.881 0.779
0.058 0.986 0.816 0.774
0.054 0.987 0.731 0.785
0.048 0.987 0.716 0.795
0.091 0.977 0.788 0.805
0.066 0.981 0.813 0.759
0.091 0.981 0.784 0.790
0.045 0.991 0.927 0.785
0.058 0.985 0.761 0.779
0.053 0.986 0.954 0.759
0.055 0.982 0.790 0.795
0.107 0.978 0.682 0.785
0.099 0.983 0.938 0.744
0.075 0.977 0.835 0.759
0.067 0.983 0.789 0.769
0.053 0.990 0.764 0.764
0.059 0.981 0.775 0.785
0.048 0.991 0.779 0.790
0.049 0.983 0.790 0.785
0.056 0.986 0.769 0.779
0.075 0.985 0.753 0.790
0.066 0.978 0.848 0.759
0.084 0.981 0.819 0.774
0.089 0.976 0.788 0.759
0.069 0.980 0.900 0.744
0.068 0.983 0.872 0.785
0.107 0.983 0.964 0.785
0.094 0.980 0.722 0.790
0.110 0.973 0.840 0.785
0.058 0.985 0.874 0.779
0.070 0.976 0.819 0.764
0.069 0.982 0.872 0.779
0.063 0.980 0.777 0.764
0.062 0.974 1.022 0.754
0.053 0.989 0.996 0.754
0.065 0.991 0.745 0.759
0.066 0.985 0.752 0.790
0.064 0.986 0.801 0.749
0.077 0.989 0.808 0.759
0.086 0.989 0.759 0.769
0.054 0.986 0.995 0.754
0.057 0.982 0.821 0.779
0.106 0.982 0.824 0.795
0.090 0.987 1.056 0.749
0.104 0.990 0.736 0.769
0.066 0.989 0.769 0.764
0.071 0.983 0.894 0.769
0.087 0.985 0.847 0.774
0.056 0.980 0.870 0.785
0.050 0.989 0.778 0.779
0.113 0.986 0.756 0.774
0.092 0.973 0.717 0.764
0.078 0.983 0.854 0.769
0.092 0.978 0.985 0.738
0.046 0.987 0.997 0.744
0.046 0.986 0.783 0.774
0.058 0.987 0.841 0.785
0.047 0.987 0.794 0.790
0.044 0.990 0.843 0.779
0.043 0.989 0.783 0.779
0.046 0.990 0.752 0.790
0.079 0.990 0.805 0.764
0.064 0.987 0.902 0.764
0.053 0.981 0.783 0.764
0.050 0.986 0.787 0.779
0.050 0.986 0.740 0.785
0.060 0.989 0.877 0.779
0.079 0.989 0.852 0.790
0.051 0.981 0.802 0.795
0.070 0.987 0.811 0.764
0.062 0.982 0.838 0.774
0.047 0.989 0.846 0.779
0.063 0.990 0.836 0.779
0.047 0.990 0.826 0.769
0.048 0.982 0.776 0.774
0.048 0.986 0.811 0.779
0.051 0.985 0.806 0.769
0.067 0.985 0.863 0.774
0.069 0.985 0.822 0.785
0.048 0.990 0.835 0.774
0.057 0.987 0.892 0.790
0.054 0.994 0.780 0.785
0.056 0.986 0.891 0.790
0.048 0.985 0.833 0.769
0.047 0.986 0.834 0.774
0.058 0.985 0.888 0.769
0.083 0.983 0.789 0.785
0.072 0.987 0.840 0.759
0.071 0.977 0.799 0.769
0.125 0.982 0.995 0.723
0.071 0.983 0.921 0.744
0.047 0.983 0.935 0.764
0.067 0.990 0.829 0.769
0.087 0.980 0.860 0.800
0.075 0.986 0.856 0.769
0.056 0.986 0.861 0.790
0.053 0.990 0.739 0.790
0.045 0.987 0.858 0.769
0.047 0.986 0.824 0.779
0.057 0.982 0.822 0.764
0.074 0.986 0.821 0.779
0.050 0.986 0.850 0.774
0.044 0.987 0.722 0.779
0.076 0.990 0.826 0.774
0.080 0.987 0.744 0.790
0.059 0.982 0.842 0.774
0.055 0.990 0.981 0.749
0.048 0.989 0.889 0.754
0.078 0.986 0.824 0.769
0.049 0.990 0.926 0.769
0.044 0.986 0.882 0.774
0.045 0.990 0.730 0.790
0.044 0.991 0.798 0.790
0.052 0.991 0.741 0.785
0.048 0.983 0.803 0.779
0.052 0.990 0.813 0.785
0.077 0.986 0.803 0.774
0.089 0.982 0.794 0.790
0.097 0.981 0.827 0.779
0.065 0.978 0.770 0.790
0.052 0.985 0.882 0.759
0.082 0.985 0.953 0.744
0.042 0.987 0.946 0.764
0.069 0.985 0.882 0.759
0.056 0.981 0.823 0.764
0.092 0.989 0.799 0.790
0.077 0.985 0.764 0.790
0.061 0.987 0.836 0.785
0.062 0.980 0.861 0.779
0.067 0.982 0.997 0.754
0.068 0.986 0.910 0.785
0.061 0.983 0.902 0.774
0.046 0.987 0.884 0.774
0.044 0.989 0.951 0.764
0.076 0.990 0.839 0.774
0.068 0.983 0.938 0.779
0.050 0.985 0.877 0.759
0.058 0.985 0.900 0.754
0.062 0.980 0.914 0.764
0.052 0.983 0.833 0.785
0.038 0.990 0.848 0.774
0.056 0.989 0.791 0.774
0.066 0.986 0.911 0.795
0.050 0.991 0.912 0.774
0.050 0.986 0.828 0.790
0.040 0.991 0.820 0.774
0.056 0.991 0.821 0.769
0.047 0.992 0.862 0.759
0.065 0.985 0.800 0.785
0.052 0.987 0.817 0.774
0.058 0.991 0.794 0.774
0.058 0.986 0.831 0.785
0.106 0.990 0.845 0.785
0.073 0.981 0.870 0.764
0.053 0.990 0.909 0.759
0.043 0.991 0.902 0.759
0.044 0.983 0.771 0.790
0.044 0.989 0.741 0.785
0.062 0.986 0.761 0.774
0.044 0.990 0.863 0.785
0.050 0.989 0.843 0.774
0.049 0.989 0.768 0.795
0.048 0.989 0.895 0.800
0.054 0.985 0.856 0.785
0.046 0.986 0.891 0.769
0.043 0.989 0.851 0.764
0.042 0.990 0.868 0.779
0.059 0.986 0.901 0.774
0.042 0.987 0.851 0.774
0.082 0.982 0.882 0.779
0.041 0.987 0.769 0.779
0.061 0.990 0.847 0.774
0.066 0.985 0.894 0.769
0.042 0.992 0.866 0.779
0.053 0.990 0.784 0.785
0.059 0.982 0.875 0.779
0.048 0.990 0.872 0.774
0.045 0.986 0.861 0.785
0.045 0.987 0.813 0.779
0.053 0.985 0.863 0.769
0.054 0.985 0.861 0.769
0.064 0.986 0.825 0.785
0.045 0.987 0.846 0.795
0.043 0.985 0.826 0.785
0.050 0.992 0.789 0.779
0.044 0.987 0.832 0.785
0.049 0.985 0.875 0.785
0.062 0.986 0.855 0.779
0.049 0.986 0.858 0.774
0.042 0.991 0.775 0.764
0.048 0.990 0.923 0.764
0.044 0.990 0.807 0.774
0.067 0.991 0.893 0.769
0.039 0.987 1.043 0.749
0.051 0.987 0.901 0.764
0.050 0.989 0.911 0.754
0.045 0.986 0.817 0.769
0.042 0.987 0.909 0.774
0.055 0.989 0.839 0.774
0.036 0.994 0.895 0.769
0.046 0.992 0.844 0.795
0.052 0.990 0.836 0.790
0.062 0.986 0.768 0.785
0.043 0.986 0.897 0.759
0.063 0.986 0.837 0.805
0.047 0.985 0.807 0.795
0.074 0.989 0.765 0.769
0.110 0.982 0.917 0.764
0.065 0.986 0.855 0.779
0.073 0.986 0.896 0.764
0.044 0.990 1.066 0.733
0.036 0.990 0.894 0.759
0.041 0.989 0.853 0.764
0.060 0.989 0.837 0.785
0.074 0.981 0.947 0.754
0.039 0.985 0.786 0.779
0.098 0.982 0.810 0.779
0.053 0.982 0.941 0.759
0.071 0.987 0.833 0.769
0.053 0.986 0.866 0.769
0.050 0.989 0.946 0.764
0.054 0.985 0.797 0.795
0.046 0.991 0.791 0.774
0.065 0.987 0.809 0.779
0.094 0.981 0.712 0.774
0.062 0.986 0.898 0.754
0.045 0.992 0.794 0.769
0.067 0.989 0.939 0.774
0.095 0.987 0.876 0.774
0.084 0.986 0.853 0.795
0.045 0.986 0.892 0.790
0.036 0.990 0.798 0.779
0.045 0.990 0.873 0.769
0.049 0.992 0.820 0.769
0.048 0.987 0.880 0.769
0.057 0.985 0.800 0.779
0.050 0.987 0.770 0.779
0.035 0.994 0.847 0.790
0.044 0.994 0.898 0.774
0.050 0.992 0.800 0.774
0.049 0.991 0.757 0.774
0.048 0.992 0.918 0.790
0.038 0.992 0.845 0.774
0.046 0.990 0.878 0.779
0.040 0.992 0.834 0.785
0.066 0.982 0.784 0.779
0.049 0.983 0.821 0.774
0.098 0.987 0.845 0.779
0.062 0.986 0.788 0.790
0.054 0.989 0.815 0.795
0.051 0.987 0.854 0.800
0.063 0.985 0.724 0.785
0.051 0.992 0.795 0.774
0.057 0.989 0.880 0.774
0.062 0.987 0.810 0.785
0.094 0.990 0.863 0.764
0.095 0.982 0.933 0.769
0.052 0.992 0.824 0.764
0.040 0.995 0.937 0.779
0.051 0.992 0.832 0.795
0.043 0.991 0.820 0.790
0.049 0.989 0.855 0.800
0.040 0.990 0.907 0.769
0.055 0.990 0.853 0.764
0.058 0.992 0.900 0.769
0.042 0.995 0.899 0.749
0.045 0.991 0.838 0.790
0.045 0.985 0.867 0.795
0.047 0.987 0.818 0.779
0.043 0.990 0.801 0.779
0.046 0.991 0.870 0.785
0.050 0.991 0.766 0.790
0.052 0.989 0.772 0.795
0.041 0.989 0.843 0.774
0.040 0.992 0.831 0.785
0.046 0.990 0.821 0.779
0.050 0.991 0.899 0.779
0.065 0.986 0.881 0.764
0.053 0.992 0.808 0.774
0.042 0.987 0.953 0.779
0.055 0.991 0.844 0.774
0.052 0.986 0.854 0.785
0.038 0.990 0.855 0.769
0.045 0.991 0.857 0.774
0.054 0.990 0.907 0.790
0.063 0.985 0.812 0.779
0.037 0.995 0.917 0.785
0.040 0.994 0.806 0.785
0.036 0.991 0.801 0.785
0.053 0.992 0.847 0.779
0.058 0.987 0.801 0.785
0.040 0.983 0.876 0.764
0.054 0.991 0.820 0.764
0.051 0.990 0.858 0.774
0.045 0.992 0.841 0.790
0.052 0.992 0.800 0.785
0.063 0.989 0.724 0.790
0.069 0.991 0.834 0.779
0.081 0.985 0.805 0.805
0.041 0.995 0.901 0.790
0.037 0.990 0.905 0.779
0.045 0.994 0.838 0.774
0.053 0.994 0.735 0.769
0.038 0.991 0.867 0.790
0.039 0.991 0.914 0.785
0.036 0.991 0.866 0.785
0.045 0.989 0.882 0.790
0.058 0.992 0.835 0.774
0.065 0.987 0.870 0.779
0.067 0.987 0.781 0.785
0.089 0.986 0.870 0.790
0.065 0.987 0.825 0.764
0.043 0.990 1.182 0.738
0.035 0.991 0.903 0.769
0.039 0.990 0.848 0.774
0.045 0.989 0.839 0.785
0.054 0.989 0.901 0.785
0.058 0.987 0.722 0.785
0.070 0.990 0.800 0.769
0.057 0.992 0.950 0.769
0.037 0.994 0.764 0.795
0.045 0.991 0.841 0.790
0.053 0.992 0.909 0.779
0.043 0.989 0.856 0.779
0.686 0.556 0.697 0.446
0.656 0.623 0.689 0.574
0.686 0.556 0.697 0.446
0.686 0.556 0.697 0.446
0.686 0.556 0.697 0.446
0.656 0.623 0.689 0.574
0.686 0.556 0.697 0.446
0.656 0.623 0.689 0.574
0.631 0.628 0.700 0.472
0.621 0.655 0.722 0.487
0.686 0.556 0.697 0.446
0.656 0.623 0.689 0.574
0.631 0.628 0.700 0.472
0.686 0.556 0.697 0.446
0.656 0.623 0.689 0.574
0.631 0.628 0.700 0.472
0.621 0.655 0.722 0.487
0.602 0.685 0.745 0.477
0.577 0.678 0.696 0.538
0.583 0.701 0.680 0.590
0.570 0.718 0.636 0.621
0.524 0.727 0.658 0.585
0.587 0.723 0.712 0.574
0.542 0.725 0.835 0.497
0.516 0.724 0.675 0.651
0.686 0.556 0.697 0.446
0.656 0.623 0.689 0.574
0.631 0.628 0.700 0.472
0.621 0.655 0.722 0.487
0.602 0.685 0.745 0.477
0.577 0.678 0.696 0.538
0.583 0.701 0.680 0.590
0.570 0.718 0.636 0.621
0.524 0.727 0.658 0.585
0.686 0.556 0.697 0.446
0.656 0.623 0.689 0.574
0.631 0.628 0.700 0.472
0.621 0.655 0.722 0.487
0.602 0.685 0.745 0.477
0.577 0.678 0.696 0.538
0.583 0.701 0.680 0.590
0.570 0.718 0.636 0.621
0.524 0.727 0.658 0.585
0.587 0.723 0.712 0.574
0.542 0.725 0.835 0.497
0.516 0.724 0.675 0.651
0.516 0.732 0.733 0.605
0.511 0.745 1.281 0.467
0.506 0.737 0.690 0.610
0.517 0.755 0.657 0.636
