1.000 1.000 1.000 1.000 1.000 
1.000 1.000 1.000 1.000 1.000 
1.000 1.000 1.000 1.000 1.000 
1.000 1.000 1.000 1.000 1.000 
1.000 1.000 1.000 1.000 1.000 
1.000 1.000 1.000 1.000 1.000 
1.000 1.000 1.000 1.000 1.000 
1.000 1.000 1.000 1.000 1.000 
1.000 1.000 1.000 1.000 1.000 
1.000 1.000 1.000 1.000 1.000 
1.000 1.000 1.000 1.000 1.000 
1.000 1.000 1.000 1.000 1.000 
1.000 1.000 1.000 1.000 1.000 
1.000 1.000 1.000 1.000 1.000 
1.000 1.000 1.000 1.000 1.000 
1.000 1.000 1.000 1.000 1.000 
1.000 1.000 1.000 1.000 1.000 
1.000 1.000 1.000 1.000 1.000 
1.000 1.000 1.000 1.000 1.000 
1.000 1.000 1.000 1.000 1.000 
1.000 1.000 1.000 1.000 1.000 
1.000 1.000 1.000 1.000 1.000 
1.000 1.000 1.000 1.000 1.000 
1.000 1.000 1.000 1.000 1.000 
1.000 1.000 1.000 1.000 1.000 
1.000 1.000 1.000 1.000 1.000 
1.000 1.000 1.000 1.000 1.000 
1.000 1.000 1.000 1.000 1.000 
1.000 1.000 1.000 1.000 1.000 
1.000 1.000 1.000 1.000 1.000 
1.000 1.000 1.000 1.000 1.000 
1.000 1.000 1.000 1.000 1.000 
1.000 1.000 1.000 1.000 1.000 
1.000 1.000 1.000 1.000 1.000 
1.000 1.000 1.000 1.000 1.000 
1.000 1.000 1.000 1.000 1.000 
1.000 1.000 1.000 1.000 1.000 
1.000 1.000 1.000 1.000 1.000 
1.000 1.000 1.000 1.000 1.000 
1.000 1.000 1.000 1.000 1.000 
1.000 1.000 1.000 1.000 1.000 
1.000 1.000 1.000 1.000 1.000 
1.000 1.000 1.000 1.000 1.000 
1.000 1.000 1.000 1.000 1.000 
1.000 1.000 1.000 1.000 1.000 
1.000 1.000 1.000 1.000 1.000 
1.000 1.000 1.000 1.000 1.000 
1.000 1.000 1.000 1.000 1.000 
1.000 1.000 1.000 1.000 1.000 
1.000 1.000 1.000 1.000 1.000 
1.000 1.000 1.000 1.000 1.000 
1.000 1.000 1.000 1.000 1.000 
1.000 1.000 1.000 1.000 1.000 
1.000 1.000 1.000 1.000 1.000 
1.000 1.000 1.000 1.000 1.000 
1.000 1.000 1.000 1.000 1.000 
1.000 1.000 1.000 1.000 1.000 
1.000 1.000 1.000 1.000 1.000 
1.000 1.000 1.000 1.000 1.000 
1.000 1.000 1.000 1.000 1.000 
1.000 1.000 1.000 1.000 1.000 
1.000 1.000 1.000 1.000 1.000 
1.000 1.000 1.000 1.000 1.000 
1.000 1.000 1.000 1.000 1.000 
1.000 1.000 1.000 1.000 1.000 
1.000 1.000 1.000 1.000 1.000 
1.000 1.000 1.000 1.000 1.000 
1.000 1.000 1.000 1.000 1.000 
1.000 1.000 1.000 1.000 1.000 
1.000 1.000 1.000 1.000 1.000 
1.000 1.000 1.000 1.000 1.000 
1.000 1.000 1.000 1.000 1.000 
1.000 1.000 1.000 1.000 1.000 
1.000 1.000 1.000 1.000 1.000 
1.000 1.000 1.000 1.000 1.000 
1.000 1.000 1.000 1.000 1.000 
1.000 1.000 1.000 1.000 1.000 
1.000 1.000 1.000 1.000 1.000 
1.000 1.000 1.000 1.000 1.000 
1.000 1.000 1.000 1.000 1.000 
1.000 1.000 1.000 1.000 1.000 
1.000 1.000 1.000 1.000 1.000 
1.000 1.000 1.000 1.000 1.000 
1.000 1.000 1.000 1.000 1.000 
1.000 1.000 1.000 1.000 1.000 
1.000 1.000 1.000 1.000 1.000 
1.000 1.000 1.000 1.000 1.000 
1.000 1.000 1.000 1.000 1.000 
1.000 1.000 1.000 0.990 0.990 
1.000 1.000 1.000 0.953 0.953 
1.000 1.000 1.000 0.899 0.899 
1.000 1.000 1.000 0.862 0.862 
1.000 1.000 1.000 0.874 0.874 
1.000 1.000 1.000 0.808 0.808 
1.000 1.000 1.000 0.772 0.772 
1.000 1.000 1.000 0.757 0.757 
1.000 1.000 1.000 0.752 0.752 
1.000 1.000 1.000 0.763 0.763 
1.000 1.000 1.000 0.785 0.785 
1.000 1.000 1.000 0.811 0.811 
